time	time	departures_all	arrivals_all	stuck_all	en-route_all	departures_access_walk	arrivals_access_walk	stuck_access_walk	en-route_access_walk	departures_bicycle	arrivals_bicycle	stuck_bicycle	en-route_bicycle	departures_car	arrivals_car	stuck_car	en-route_car	departures_egress_walk	arrivals_egress_walk	stuck_egress_walk	en-route_egress_walk	departures_freight	arrivals_freight	stuck_freight	en-route_freight	departures_pt	arrivals_pt	stuck_pt	en-route_pt	departures_ride	arrivals_ride	stuck_ride	en-route_ride	departures_transit_walk	arrivals_transit_walk	stuck_transit_walk	en-route_transit_walk	departures_walk	arrivals_walk	stuck_walk	en-route_walk
00:00:00	0	59	19	0	40	31	18	0	13	5	0	0	5	18	0	0	18	0	0	0	0	0	0	0	0	0	0	0	0	0	0	0	0	0	0	0	0	5	1	0	4
00:05:00	300	20	20	0	40	2	12	0	3	0	0	0	5	11	3	0	26	3	1	0	2	0	0	0	0	0	0	0	0	1	0	0	1	0	0	0	0	3	4	0	3
00:10:00	600	15	14	0	41	5	6	0	2	1	0	0	6	6	3	0	29	3	4	0	1	0	0	0	0	0	0	0	0	0	0	0	1	0	0	0	0	0	1	0	2
00:15:00	900	15	13	0	43	4	4	0	2	1	1	0	6	4	4	0	29	4	3	0	2	0	0	0	0	0	0	0	0	1	0	0	2	0	0	0	0	1	1	0	2
00:20:00	1200	29	29	0	43	6	5	0	3	1	1	0	6	3	15	0	17	16	6	0	12	1	0	0	1	0	0	0	0	1	1	0	2	0	0	0	0	1	1	0	2
00:25:00	1500	21	20	0	44	8	4	0	7	3	1	0	8	4	5	0	16	5	9	0	8	0	0	0	1	0	0	0	0	0	0	0	2	0	0	0	0	1	1	0	2
00:30:00	1800	30	27	0	47	12	8	0	11	2	1	0	9	7	8	0	15	8	10	0	6	0	0	0	1	0	0	0	0	1	0	0	3	0	0	0	0	0	0	0	2
00:35:00	2100	33	30	0	50	9	12	0	8	2	3	0	8	12	5	0	22	7	7	0	6	0	0	0	1	0	0	0	0	1	3	0	1	0	0	0	0	2	0	0	4
00:40:00	2400	26	24	0	52	7	8	0	7	4	2	0	10	8	7	0	23	7	7	0	6	0	0	0	1	0	0	0	0	0	0	0	1	0	0	0	0	0	0	0	4
00:45:00	2700	22	17	0	57	6	8	0	5	2	0	0	12	8	3	0	28	3	4	0	5	0	0	0	1	0	0	0	0	0	0	0	1	0	0	0	0	3	2	0	5
00:50:00	3000	28	32	0	53	7	10	0	2	3	5	0	10	9	7	0	30	7	8	0	4	1	0	0	2	0	0	0	0	0	0	0	1	0	0	0	0	1	2	0	4
00:55:00	3300	18	21	0	50	7	4	0	5	1	3	0	8	3	6	0	27	6	5	0	5	1	0	0	3	0	0	0	0	0	1	0	0	0	0	0	0	0	2	0	2
01:00:00	3600	22	24	0	48	5	6	0	4	0	1	0	7	5	9	0	23	10	7	0	8	0	0	0	3	0	0	0	0	1	1	0	0	0	0	0	0	1	0	0	3
01:05:00	3900	33	36	0	45	10	10	0	4	2	2	0	7	10	9	0	24	10	13	0	5	0	1	0	2	0	0	0	0	0	0	0	0	0	0	0	0	1	1	0	3
01:10:00	4200	16	17	0	44	5	5	0	4	1	1	0	7	5	3	0	26	4	4	0	5	0	1	0	1	0	0	0	0	0	0	0	0	0	0	0	0	1	3	0	1
01:15:00	4500	24	23	0	45	8	6	0	6	2	1	0	8	6	7	0	25	7	9	0	3	0	0	0	1	0	0	0	0	0	0	0	0	0	0	0	0	1	0	0	2
01:20:00	4800	24	24	0	45	5	7	0	4	3	2	0	9	7	8	0	24	8	6	0	5	0	0	0	1	0	0	0	0	0	0	0	0	0	0	0	0	1	1	0	2
01:25:00	5100	22	24	0	43	5	6	0	3	1	1	0	9	4	8	0	20	9	8	0	6	2	1	0	2	0	0	0	0	0	0	0	0	0	0	0	0	1	0	0	3
01:30:00	5400	14	16	0	41	6	4	0	5	1	1	0	9	3	3	0	20	3	7	0	2	1	0	0	3	0	0	0	0	0	0	0	0	0	0	0	0	0	1	0	2
01:35:00	5700	26	21	0	46	6	5	0	6	5	4	0	10	5	8	0	17	8	3	0	7	0	0	0	3	0	0	0	0	0	0	0	0	0	0	0	0	2	1	0	3
01:40:00	6000	34	27	0	53	13	9	0	10	2	0	0	12	8	6	0	19	6	8	0	5	1	0	0	4	0	0	0	0	0	0	0	0	0	0	0	0	4	4	0	3
01:45:00	6300	15	19	0	49	4	5	0	9	0	1	0	11	5	4	0	20	4	6	0	3	0	0	0	4	0	0	0	0	0	0	0	0	0	0	0	0	2	3	0	2
01:50:00	6600	24	24	0	49	4	7	0	6	3	3	0	11	7	5	0	22	6	7	0	2	0	1	0	3	0	0	0	0	0	0	0	0	0	0	0	0	4	1	0	5
01:55:00	6900	29	28	0	50	9	7	0	8	2	3	0	10	7	8	0	21	9	6	0	5	0	1	0	2	0	0	0	0	0	0	0	0	0	0	0	0	2	3	0	4
02:00:00	7200	27	24	0	53	8	9	0	7	5	3	0	12	9	4	0	26	4	6	0	3	0	0	0	2	0	0	0	0	0	0	0	0	0	0	0	0	1	2	0	3
02:05:00	7500	34	30	0	57	12	10	0	9	1	1	0	12	10	9	0	27	10	7	0	6	0	1	0	1	0	0	0	0	0	0	0	0	0	0	0	0	1	2	0	2
02:10:00	7800	42	38	0	61	14	15	0	8	3	3	0	12	14	9	0	32	9	8	0	7	1	0	0	2	0	0	0	0	1	1	0	0	0	0	0	0	0	2	0	0
02:15:00	8100	37	40	0	58	13	8	0	13	1	3	0	10	7	12	0	27	13	16	0	4	0	0	0	2	0	0	0	0	1	1	0	0	1	0	0	1	1	0	0	1
02:20:00	8400	35	36	0	57	5	13	0	5	1	2	0	9	12	12	0	27	12	9	0	7	1	0	0	3	0	0	0	0	0	0	0	0	1	0	0	2	3	0	0	4
02:25:00	8700	34	30	0	61	10	10	0	5	0	2	0	7	9	7	0	29	8	7	0	8	1	1	0	3	0	0	0	0	0	0	0	0	0	0	0	2	6	3	0	7
02:30:00	9000	40	32	0	69	13	12	0	6	3	1	0	9	12	8	0	33	8	8	0	8	0	0	0	3	0	0	0	0	0	0	0	0	0	0	0	2	4	3	0	8
02:35:00	9300	39	32	0	76	14	11	0	9	4	2	0	11	11	7	0	37	7	10	0	5	0	0	0	3	0	0	0	0	0	0	0	0	0	1	0	1	3	1	0	10
02:40:00	9600	47	43	0	80	16	14	0	11	0	3	0	8	12	11	0	38	11	9	0	7	0	0	0	3	0	0	0	0	2	0	0	2	1	1	0	1	5	5	0	10
02:45:00	9900	41	43	0	78	10	11	0	10	1	1	0	8	11	15	0	34	15	10	0	12	0	0	0	3	0	0	0	0	0	0	0	2	0	0	0	1	4	6	0	8
02:50:00	10200	37	37	0	78	10	13	0	7	1	1	0	8	13	6	0	41	7	12	0	7	0	1	0	2	0	0	0	0	0	0	0	2	0	0	0	1	6	4	0	10
02:55:00	10500	31	28	0	81	8	5	0	10	2	0	0	10	3	10	0	34	10	9	0	8	1	0	0	3	1	0	0	1	0	0	0	2	1	0	0	2	5	4	0	11
03:00:00	10800	44	40	0	85	13	9	0	14	2	1	0	11	9	15	0	28	16	9	0	15	0	0	0	3	0	0	0	1	0	1	0	1	0	1	0	1	4	4	0	11
03:05:00	11100	65	58	0	92	27	21	0	20	2	2	0	11	19	9	0	38	11	19	0	7	0	2	0	1	1	0	0	2	1	0	0	2	1	1	0	1	3	4	0	10
03:10:00	11400	51	43	0	100	18	13	0	25	2	2	0	11	11	12	0	37	13	9	0	11	1	0	0	2	0	1	0	1	1	0	0	3	0	0	0	1	5	6	0	9
03:15:00	11700	60	48	0	112	22	19	0	28	4	3	0	12	15	8	0	44	8	13	0	6	0	0	0	2	3	0	0	4	1	0	0	4	0	0	0	1	7	5	0	11
03:20:00	12000	86	67	0	131	17	25	0	20	5	3	0	14	24	20	0	48	23	11	0	18	1	0	0	3	0	2	0	2	2	1	0	5	2	1	0	2	12	4	0	19
03:25:00	12300	68	60	0	139	26	22	0	24	2	1	0	15	22	11	0	59	11	17	0	12	0	0	0	3	0	0	0	2	1	0	0	6	1	1	0	2	5	8	0	16
03:30:00	12600	77	78	0	138	21	28	0	17	1	4	0	12	22	18	0	63	20	15	0	17	2	1	0	4	0	0	0	2	5	1	0	10	1	0	0	3	5	11	0	10
03:35:00	12900	77	62	0	153	26	19	0	24	2	0	0	14	17	17	0	63	20	17	0	20	0	0	0	4	2	0	0	4	2	3	0	9	2	2	0	3	6	4	0	12
03:40:00	13200	81	68	0	166	23	28	0	19	3	3	0	14	24	13	0	74	13	15	0	18	0	0	0	4	2	0	0	6	3	0	0	12	3	1	0	5	10	8	0	14
03:45:00	13500	119	96	0	189	40	33	0	26	12	5	0	21	28	21	0	81	22	24	0	16	1	1	0	4	3	2	0	7	3	1	0	14	3	4	0	4	7	5	0	16
03:50:00	13800	102	84	0	207	34	30	0	30	6	5	0	22	28	17	0	92	20	22	0	14	1	0	0	5	2	3	0	6	0	1	0	13	4	1	0	7	7	5	0	18
03:55:00	14100	115	90	0	232	39	27	0	42	9	3	0	28	23	25	0	90	27	20	0	21	0	0	0	5	4	1	0	9	0	2	0	11	4	3	0	8	9	9	0	18
04:00:00	14400	130	112	0	250	44	46	0	40	5	3	0	30	42	28	0	104	32	25	0	28	0	0	0	5	3	1	0	11	1	3	0	9	1	2	0	7	2	4	0	16
04:05:00	14700	142	118	0	274	48	41	0	47	13	8	0	35	31	25	0	110	28	30	0	26	1	0	0	6	7	1	0	17	3	4	0	8	7	6	0	8	4	3	0	17
04:10:00	15000	147	135	0	286	44	44	0	47	7	5	0	37	37	33	0	114	34	35	0	25	1	0	0	7	7	3	0	21	5	1	0	12	5	7	0	6	7	7	0	17
04:15:00	15300	147	118	0	315	55	47	0	55	7	8	0	36	41	22	0	133	24	28	0	21	0	1	0	6	7	2	0	26	2	1	0	13	1	4	0	3	10	5	0	22
04:20:00	15600	163	127	0	351	57	57	0	55	9	6	0	39	49	22	0	160	25	25	0	21	0	0	0	6	8	4	0	30	5	5	0	13	5	3	0	5	5	5	0	22
04:25:00	15900	189	142	0	398	65	57	0	63	9	8	0	40	48	28	0	180	33	25	0	29	0	1	0	5	8	7	0	31	6	0	0	19	7	4	0	8	13	12	0	23
04:30:00	16200	206	165	0	439	76	60	0	79	8	3	0	45	49	34	0	195	37	43	0	23	2	0	0	7	10	5	0	36	4	3	0	20	6	6	0	8	14	11	0	26
04:35:00	16500	236	181	0	494	80	74	0	85	9	11	0	43	64	33	0	226	41	34	0	30	0	1	0	6	11	9	0	38	6	2	0	24	8	7	0	9	17	10	0	33
04:40:00	16800	236	192	0	538	84	76	0	93	4	6	0	41	60	44	0	242	47	39	0	38	0	0	0	6	10	4	0	44	10	2	0	32	4	5	0	8	17	16	0	34
04:45:00	17100	280	224	0	594	101	99	0	95	6	5	0	42	84	38	0	288	46	46	0	38	1	0	0	7	16	9	0	51	3	4	0	31	8	4	0	12	15	19	0	30
04:50:00	17400	283	217	0	660	112	99	0	108	8	9	0	41	83	29	0	342	37	39	0	36	0	1	0	6	17	9	0	59	5	4	0	32	6	10	0	8	15	17	0	28
04:55:00	17700	317	228	0	749	122	100	0	130	12	7	0	46	77	48	0	371	51	43	0	44	0	1	0	5	23	7	0	75	7	2	0	37	8	8	0	8	17	12	0	33
05:00:00	18000	388	267	0	870	148	119	0	159	20	10	0	56	93	57	0	407	67	51	0	60	0	1	0	4	16	9	0	82	17	7	0	47	7	3	0	12	20	10	0	43
05:05:00	18300	446	339	0	977	165	149	0	175	20	9	0	67	112	46	0	473	55	66	0	49	0	0	0	4	45	21	0	106	9	4	0	52	18	19	0	11	22	25	0	40
05:10:00	18600	505	342	0	1140	194	188	0	181	13	8	0	72	139	52	0	560	64	44	0	69	0	1	0	3	46	15	0	137	14	5	0	61	13	10	0	14	22	19	0	43
05:15:00	18900	530	384	0	1286	204	170	0	215	26	14	0	84	123	55	0	628	68	72	0	65	2	1	0	4	51	23	0	165	15	5	0	71	16	19	0	11	25	25	0	43
05:20:00	19200	660	449	0	1497	256	224	0	247	28	8	0	104	167	74	0	721	86	80	0	71	0	0	0	4	62	23	0	204	16	7	0	80	23	20	0	14	22	13	0	52
05:25:00	19500	662	486	0	1673	229	233	0	243	27	10	0	121	168	63	0	826	76	74	0	73	0	1	0	3	79	38	0	245	22	7	0	95	38	36	0	16	23	24	0	51
05:30:00	19800	761	534	0	1900	274	253	0	264	35	12	0	144	163	87	0	902	97	95	0	75	0	0	0	3	96	30	0	311	32	8	0	119	34	30	0	20	30	19	0	62
05:35:00	20100	787	551	0	2136	279	245	0	298	51	19	0	176	177	76	0	1003	93	92	0	76	0	1	0	2	82	46	0	347	33	7	0	145	41	41	0	20	31	24	0	69
05:40:00	20400	953	692	0	2397	319	316	0	301	41	16	0	201	220	107	0	1116	147	95	0	128	0	1	0	1	120	62	0	405	31	21	0	155	44	48	0	16	31	26	0	74
05:45:00	20700	1015	720	0	2692	366	301	0	366	42	20	0	223	204	109	0	1211	147	123	0	152	0	0	0	1	121	77	0	449	40	18	0	177	59	53	0	22	36	19	0	91
05:50:00	21000	1071	843	0	2920	321	344	0	343	64	26	0	261	218	127	0	1302	176	148	0	180	0	0	0	1	144	91	0	502	43	17	0	203	59	62	0	19	46	28	0	109
05:55:00	21300	1203	1018	0	3105	368	333	0	378	52	29	0	284	194	229	0	1267	298	207	0	271	0	0	0	1	150	94	0	558	44	34	0	213	57	52	0	24	40	40	0	109
06:00:00	21600	1407	1292	0	3220	389	400	0	367	74	55	0	303	276	227	0	1316	327	312	0	286	2	0	0	3	157	140	0	575	45	32	0	226	82	79	0	27	55	47	0	117
06:05:00	21900	1426	1269	0	3377	423	368	0	422	81	49	0	335	225	225	0	1316	323	339	0	270	1	0	0	4	175	137	0	613	33	35	0	224	77	74	0	30	88	42	0	163
06:10:00	22200	1462	1384	0	3455	383	417	0	388	78	64	0	349	268	225	0	1359	347	336	0	281	1	0	0	5	177	159	0	631	51	43	0	232	86	76	0	40	71	64	0	170
06:15:00	22500	1400	1287	0	3568	395	392	0	391	91	56	0	384	242	238	0	1363	344	319	0	306	2	0	0	7	158	118	0	671	53	43	0	242	59	60	0	39	56	61	0	165
06:20:00	22800	1509	1462	0	3615	386	397	0	380	81	60	0	405	247	252	0	1358	372	367	0	311	0	1	0	6	198	176	0	693	46	40	0	248	106	100	0	45	73	69	0	169
06:25:00	23100	1611	1436	0	3790	501	402	0	479	88	75	0	418	251	233	0	1376	364	371	0	304	1	0	0	7	180	169	0	704	45	41	0	252	89	83	0	51	92	62	0	199
06:30:00	23400	1585	1512	0	3863	412	435	0	456	94	77	0	435	278	244	0	1410	387	363	0	328	3	1	0	9	186	179	0	711	51	50	0	253	85	89	0	47	89	74	0	214
06:35:00	23700	1652	1572	0	3943	440	455	0	441	81	86	0	430	282	257	0	1435	380	360	0	348	2	1	0	10	238	171	0	778	35	56	0	232	108	109	0	46	86	77	0	223
06:40:00	24000	1690	1651	0	3982	425	431	0	435	73	95	0	408	278	298	0	1415	424	401	0	371	0	0	0	10	229	197	0	810	44	45	0	231	116	115	0	47	101	69	0	255
06:45:00	24300	1692	1563	0	4111	465	437	0	463	100	68	0	440	260	253	0	1422	404	385	0	390	1	1	0	10	209	197	0	822	58	39	0	250	96	94	0	49	99	89	0	265
06:50:00	24600	1842	1727	0	4226	476	464	0	475	104	79	0	465	287	276	0	1433	437	428	0	399	2	0	0	12	244	227	0	839	56	46	0	260	124	120	0	53	112	87	0	290
06:55:00	24900	1809	1761	0	4274	469	471	0	473	120	106	0	479	279	264	0	1448	419	441	0	377	1	0	0	13	250	208	0	881	45	53	0	252	105	113	0	45	121	105	0	306
07:00:00	25200	1893	1755	0	4412	527	473	0	527	109	75	0	513	288	266	0	1470	432	418	0	391	0	1	0	12	248	245	0	884	63	42	0	273	132	126	0	51	94	109	0	291
07:05:00	25500	1938	1819	0	4531	508	495	0	540	129	95	0	547	285	268	0	1487	437	418	0	410	3	1	0	14	271	244	0	911	64	52	0	285	135	125	0	61	106	121	0	276
07:10:00	25800	1989	1913	0	4607	514	504	0	550	116	118	0	545	298	295	0	1490	491	448	0	453	1	1	0	14	266	251	0	926	66	56	0	295	120	125	0	56	117	115	0	278
07:15:00	26100	2153	1996	0	4764	557	566	0	541	123	115	0	553	319	297	0	1512	493	454	0	492	5	1	0	18	302	270	0	958	72	55	0	312	143	131	0	68	139	107	0	310
07:20:00	26400	2024	2022	0	4766	482	521	0	502	114	103	0	564	300	287	0	1525	479	500	0	471	1	0	0	19	297	271	0	984	73	70	0	315	153	150	0	71	125	120	0	315
07:25:00	26700	2129	2069	0	4826	512	519	0	495	134	110	0	588	322	331	0	1516	538	496	0	513	1	3	0	17	274	299	0	959	59	54	0	320	152	152	0	71	137	105	0	347
07:30:00	27000	2097	2031	0	4892	529	491	0	533	144	111	0	621	285	295	0	1506	504	504	0	513	1	0	0	18	267	276	0	950	65	68	0	317	143	144	0	70	159	142	0	364
07:35:00	27300	2068	2033	0	4927	527	500	0	560	138	120	0	639	291	330	0	1467	527	532	0	508	1	2	0	17	247	242	0	955	74	66	0	325	126	115	0	81	137	126	0	375
07:40:00	27600	2278	2217	0	4988	597	572	0	585	135	111	0	663	333	350	0	1450	578	549	0	537	0	2	0	15	290	276	0	969	67	69	0	323	128	133	0	76	150	155	0	370
07:45:00	27900	2135	2103	0	5020	545	556	0	574	127	129	0	661	348	297	0	1501	515	541	0	511	2	0	0	17	261	253	0	977	57	78	0	302	132	123	0	85	148	126	0	392
07:50:00	28200	2214	2183	0	5051	495	538	0	531	142	136	0	667	322	325	0	1498	560	500	0	571	3	2	0	18	297	316	0	958	63	58	0	307	172	154	0	103	160	154	0	398
07:55:00	28500	2259	2169	0	5141	577	553	0	555	151	137	0	681	347	346	0	1499	542	542	0	571	2	4	0	16	257	245	0	970	66	63	0	310	138	138	0	103	179	141	0	436
08:00:00	28800	2368	2400	0	5109	593	563	0	585	141	152	0	670	330	347	0	1482	588	585	0	574	3	1	0	18	299	306	0	963	81	89	0	302	162	170	0	95	171	187	0	420
08:05:00	29100	2393	2329	0	5173	606	600	0	591	156	167	0	659	377	343	0	1516	568	561	0	581	2	1	0	19	270	283	0	950	66	57	0	311	144	139	0	100	204	178	0	446
08:10:00	29400	2439	2394	0	5218	591	604	0	578	156	142	0	673	373	330	0	1559	558	574	0	565	1	4	0	16	305	298	0	957	78	70	0	319	181	176	0	105	196	196	0	446
08:15:00	29700	2441	2352	0	5307	637	571	0	644	159	146	0	686	353	355	0	1557	580	582	0	563	0	2	0	14	275	286	0	946	88	77	0	330	156	147	0	114	193	186	0	453
08:20:00	30000	2477	2439	0	5345	573	639	0	578	161	150	0	697	423	348	0	1632	589	594	0	558	1	2	0	13	283	292	0	937	67	77	0	320	158	158	0	114	222	179	0	496
08:25:00	30300	2528	2447	0	5426	629	620	0	587	153	152	0	698	383	379	0	1636	610	577	0	591	1	0	0	14	296	285	0	948	75	72	0	323	171	152	0	133	210	210	0	496
08:30:00	30600	2472	2358	0	5540	652	616	0	623	162	166	0	694	384	349	0	1671	551	566	0	576	2	3	0	13	251	248	0	951	86	66	0	343	161	135	0	159	223	209	0	510
08:35:00	30900	2448	2425	0	5563	600	611	0	612	166	150	0	710	361	378	0	1654	605	596	0	585	4	0	0	17	267	257	0	961	95	80	0	358	140	152	0	147	210	201	0	519
08:40:00	31200	2494	2453	0	5604	629	616	0	625	176	158	0	728	396	361	0	1689	612	605	0	592	2	2	0	17	247	282	0	926	91	80	0	369	143	159	0	131	198	190	0	527
08:45:00	31500	2520	2522	0	5602	585	622	0	588	192	190	0	730	401	387	0	1703	628	621	0	599	1	0	0	18	249	284	0	891	98	74	0	393	135	133	0	133	231	211	0	547
08:50:00	31800	2597	2570	0	5629	611	630	0	569	177	166	0	741	405	416	0	1692	632	637	0	594	2	0	0	20	282	263	0	910	78	84	0	387	171	158	0	146	239	216	0	570
08:55:00	32100	2443	2518	0	5554	568	561	0	576	183	181	0	743	362	396	0	1658	630	637	0	587	2	3	0	19	229	261	0	878	88	87	0	388	140	158	0	128	241	234	0	577
09:00:00	32400	2628	2583	0	5599	635	654	0	557	197	173	0	767	443	393	0	1708	627	628	0	586	1	4	0	16	244	257	0	865	85	90	0	383	153	148	0	133	243	236	0	584
09:05:00	32700	2644	2632	0	5611	635	614	0	578	191	197	0	761	396	405	0	1699	624	640	0	570	2	1	0	17	271	272	0	864	90	93	0	380	180	171	0	142	255	239	0	600
09:10:00	33000	2627	2612	0	5626	640	631	0	587	201	181	0	781	431	390	0	1740	610	622	0	558	1	2	0	16	251	256	0	859	75	85	0	370	168	158	0	152	250	287	0	563
09:15:00	33300	2528	2543	0	5611	602	610	0	579	182	175	0	788	399	374	0	1765	615	571	0	602	4	2	0	18	251	274	0	836	78	100	0	348	162	168	0	146	235	269	0	529
09:20:00	33600	2710	2654	0	5667	666	629	0	616	194	197	0	785	404	466	0	1703	697	655	0	644	6	1	0	23	232	249	0	819	94	90	0	352	140	146	0	140	277	221	0	585
09:25:00	33900	2677	2634	0	5710	660	647	0	629	200	167	0	818	439	425	0	1717	645	693	0	596	7	1	0	29	214	234	0	799	89	92	0	349	146	138	0	148	277	237	0	625
09:30:00	34200	2659	2626	0	5743	643	641	0	631	205	190	0	833	398	408	0	1707	637	636	0	597	0	2	0	27	259	252	0	806	105	92	0	362	164	152	0	160	248	253	0	620
09:35:00	34500	2559	2645	0	5657	640	663	0	608	187	224	0	796	454	380	0	1781	595	659	0	533	2	2	0	27	216	216	0	806	93	97	0	358	116	125	0	151	256	279	0	597
09:40:00	34800	2571	2574	0	5654	633	604	0	637	190	225	0	761	403	421	0	1763	651	605	0	579	2	1	0	28	220	244	0	782	85	91	0	352	136	131	0	156	251	252	0	596
09:45:00	35100	2616	2631	0	5639	606	661	0	582	173	194	0	740	435	415	0	1783	621	621	0	579	4	1	0	31	261	254	0	789	88	70	0	370	159	163	0	152	269	252	0	613
09:50:00	35400	2536	2611	0	5564	581	635	0	528	158	178	0	720	412	408	0	1787	635	622	0	592	1	5	0	27	240	244	0	785	93	101	0	362	151	148	0	155	265	270	0	608
09:55:00	35700	2537	2596	0	5505	615	625	0	518	157	195	0	682	423	414	0	1796	615	627	0	580	1	1	0	27	208	220	0	773	105	94	0	373	138	150	0	143	275	270	0	613
10:00:00	36000	2754	2577	0	5682	692	613	0	597	223	153	0	752	393	416	0	1773	656	638	0	598	2	2	0	27	236	252	0	757	91	91	0	373	175	160	0	158	286	252	0	647
10:05:00	36300	2666	2667	0	5681	647	641	0	603	207	199	0	760	417	428	0	1762	655	644	0	609	2	1	0	28	227	236	0	748	98	98	0	373	150	136	0	172	263	284	0	626
10:10:00	36600	2602	2614	0	5669	624	658	0	569	177	163	0	774	439	416	0	1785	640	634	0	615	1	6	0	23	226	227	0	747	114	96	0	391	144	151	0	165	237	263	0	600
10:15:00	36900	2660	2678	0	5651	652	638	0	583	172	204	0	742	443	431	0	1797	631	649	0	597	4	2	0	25	226	232	0	741	83	77	0	397	148	167	0	146	301	278	0	623
10:20:00	37200	2679	2633	0	5697	676	631	0	628	205	182	0	765	395	437	0	1755	656	635	0	618	1	1	0	25	239	236	0	744	108	98	0	407	141	150	0	137	258	263	0	618
10:25:00	37500	2647	2723	0	5621	618	634	0	612	182	184	0	763	426	450	0	1731	685	694	0	609	3	2	0	26	227	254	0	717	93	92	0	408	164	147	0	154	249	266	0	601
10:30:00	37800	2616	2621	0	5616	626	653	0	585	178	178	0	763	454	433	0	1752	641	648	0	602	1	2	0	25	209	221	0	705	94	89	0	413	137	132	0	159	276	265	0	612
10:35:00	38100	2597	2603	0	5610	643	637	0	591	183	217	0	729	433	406	0	1779	621	627	0	596	2	3	0	24	197	196	0	706	103	108	0	408	127	131	0	155	288	278	0	622
10:40:00	38400	2600	2613	0	5597	655	665	0	581	212	172	0	769	453	414	0	1818	637	636	0	597	2	2	0	24	203	210	0	699	92	109	0	391	128	119	0	164	218	286	0	554
10:45:00	38700	2585	2587	0	5595	630	626	0	585	180	171	0	778	426	449	0	1795	667	651	0	613	2	1	0	25	207	227	0	679	90	94	0	387	127	138	0	153	256	230	0	580
10:50:00	39000	2493	2479	0	5609	609	616	0	578	191	194	0	775	435	390	0	1840	586	600	0	599	5	2	0	28	192	196	0	675	91	97	0	381	131	138	0	146	253	246	0	587
10:55:00	39300	2499	2585	0	5523	590	612	0	556	186	189	0	772	423	425	0	1838	637	656	0	580	5	2	0	31	206	202	0	679	83	116	0	348	137	134	0	149	232	249	0	570
11:00:00	39600	2585	2567	0	5541	659	636	0	579	174	188	0	758	432	436	0	1834	640	638	0	582	1	2	0	30	206	200	0	685	89	96	0	341	129	130	0	148	255	241	0	584
11:05:00	39900	2479	2527	0	5493	607	584	0	602	174	197	0	735	377	440	0	1771	649	627	0	604	1	2	0	29	199	210	0	674	103	89	0	355	125	129	0	144	244	249	0	579
11:10:00	40200	2514	2499	0	5508	609	641	0	570	170	160	0	745	439	408	0	1802	600	609	0	595	0	3	0	26	220	207	0	687	87	86	0	356	128	135	0	137	261	250	0	590
11:15:00	40500	2518	2596	0	5430	619	604	0	585	174	178	0	741	408	433	0	1777	658	666	0	587	1	3	0	24	216	225	0	678	87	107	0	336	124	129	0	132	231	251	0	570
11:20:00	40800	2433	2430	0	5433	632	609	0	608	155	184	0	712	403	384	0	1796	587	611	0	563	1	3	0	22	207	204	0	681	86	85	0	337	121	119	0	134	241	231	0	580
11:25:00	41100	2549	2517	0	5465	650	677	0	581	166	172	0	706	465	410	0	1851	618	603	0	578	3	1	0	24	205	209	0	677	86	88	0	335	126	114	0	146	230	243	0	567
11:30:00	41400	2427	2462	0	5430	592	620	0	553	188	163	0	731	402	414	0	1839	593	611	0	560	0	2	0	22	222	188	0	711	98	89	0	344	118	131	0	133	214	244	0	537
11:35:00	41700	2569	2505	0	5494	660	600	0	613	192	156	0	767	402	447	0	1794	648	621	0	587	1	0	0	23	216	221	0	706	85	76	0	353	132	136	0	129	233	248	0	522
11:40:00	42000	2483	2511	0	5466	597	615	0	595	176	179	0	764	424	393	0	1825	630	615	0	602	3	2	0	24	205	245	0	666	84	90	0	347	133	137	0	125	231	235	0	518
11:45:00	42300	2422	2469	0	5419	608	612	0	591	167	162	0	769	408	423	0	1810	632	608	0	626	2	4	0	22	205	219	0	652	90	93	0	344	116	122	0	119	194	226	0	486
11:50:00	42600	2508	2476	0	5451	613	611	0	593	188	190	0	767	419	407	0	1822	584	645	0	565	1	2	0	21	207	203	0	656	89	71	0	362	159	143	0	135	248	204	0	530
11:55:00	42900	2349	2387	0	5413	577	612	0	558	171	163	0	775	420	403	0	1839	601	621	0	545	1	3	0	19	187	182	0	661	81	91	0	352	109	105	0	139	202	207	0	525
12:00:00	43200	2416	2461	0	5368	604	592	0	570	175	183	0	767	402	428	0	1813	647	598	0	594	3	2	0	20	189	222	0	628	88	98	0	342	111	128	0	122	197	210	0	512
12:05:00	43500	2445	2452	0	5361	623	635	0	558	158	184	0	741	426	388	0	1851	589	622	0	561	2	2	0	20	209	210	0	627	104	86	0	360	134	115	0	141	200	210	0	502
12:10:00	43800	2477	2534	0	5304	624	634	0	548	171	184	0	728	436	432	0	1855	630	648	0	543	0	3	0	17	210	201	0	636	80	94	0	346	123	131	0	133	203	207	0	498
12:15:00	44100	2418	2449	0	5273	601	604	0	545	156	156	0	728	401	450	0	1806	633	609	0	567	0	4	0	13	212	199	0	649	87	76	0	357	136	127	0	142	192	224	0	466
12:20:00	44400	2411	2493	0	5191	613	585	0	573	145	172	0	701	404	445	0	1765	664	638	0	593	4	1	0	16	187	210	0	626	75	97	0	335	120	123	0	139	199	222	0	443
12:25:00	44700	2364	2402	0	5153	601	597	0	577	138	147	0	692	400	385	0	1780	601	631	0	563	1	0	0	17	202	213	0	615	89	102	0	322	114	123	0	130	218	204	0	457
12:30:00	45000	2336	2334	0	5155	598	597	0	578	166	177	0	681	402	399	0	1783	567	592	0	538	4	1	0	20	201	186	0	630	91	76	0	337	114	123	0	121	193	183	0	467
12:35:00	45300	2267	2316	0	5106	565	585	0	558	146	145	0	682	368	420	0	1731	600	611	0	527	3	2	0	21	207	173	0	664	82	77	0	342	102	105	0	118	194	198	0	463
12:40:00	45600	2320	2305	0	5121	589	584	0	563	167	159	0	690	417	397	0	1751	583	585	0	525	0	1	0	20	173	187	0	650	91	82	0	351	104	108	0	114	196	202	0	457
12:45:00	45900	2365	2348	0	5138	598	609	0	552	160	145	0	705	394	405	0	1740	599	590	0	534	2	4	0	18	219	206	0	663	93	86	0	358	120	114	0	120	180	189	0	448
12:50:00	46200	2315	2306	0	5147	622	592	0	582	167	173	0	699	401	383	0	1758	573	558	0	549	1	0	0	19	198	196	0	665	91	88	0	361	109	112	0	117	153	204	0	397
12:55:00	46500	2360	2327	0	5180	567	595	0	554	178	177	0	700	371	388	0	1741	574	565	0	558	3	0	0	22	230	196	0	699	91	103	0	349	133	121	0	129	213	182	0	428
13:00:00	46800	2590	2451	0	5319	693	642	0	605	189	178	0	711	411	403	0	1749	599	589	0	568	6	0	0	28	233	227	0	705	113	85	0	377	142	139	0	132	204	188	0	444
13:05:00	47100	2380	2342	0	5357	587	592	0	600	168	159	0	720	390	372	0	1767	599	571	0	596	2	3	0	27	222	243	0	684	104	103	0	378	133	137	0	128	175	162	0	457
13:10:00	47400	2428	2458	0	5327	613	629	0	584	147	168	0	699	412	404	0	1775	599	620	0	575	1	1	0	27	248	210	0	722	77	85	0	370	127	149	0	106	204	192	0	469
13:15:00	47700	2413	2361	0	5379	653	628	0	609	146	147	0	698	405	388	0	1792	598	579	0	594	1	2	0	26	222	228	0	716	96	74	0	392	117	120	0	103	175	195	0	449
13:20:00	48000	2401	2463	0	5317	608	630	0	587	130	161	0	667	411	395	0	1808	603	619	0	578	1	0	0	27	241	229	0	728	101	94	0	399	139	133	0	109	167	202	0	414
13:25:00	48300	2420	2408	0	5329	645	621	0	611	151	133	0	685	390	408	0	1790	609	642	0	545	3	5	0	25	235	206	0	757	94	107	0	386	128	118	0	119	165	168	0	411
13:30:00	48600	2445	2375	0	5399	622	636	0	597	164	148	0	701	417	385	0	1822	589	566	0	568	1	4	0	22	249	235	0	771	91	89	0	388	140	148	0	111	172	164	0	419
13:35:00	48900	2464	2483	0	5380	579	621	0	555	154	143	0	712	417	404	0	1835	644	634	0	578	1	2	0	21	234	256	0	749	99	109	0	378	153	145	0	119	183	169	0	433
13:40:00	49200	2637	2437	0	5580	727	658	0	624	192	179	0	725	438	420	0	1853	595	606	0	567	0	4	0	17	242	205	0	786	96	77	0	397	152	132	0	139	195	156	0	472
13:45:00	49500	2563	2576	0	5567	635	679	0	580	159	170	0	714	457	417	0	1893	654	625	0	596	3	2	0	18	236	245	0	777	100	107	0	390	133	138	0	134	186	193	0	465
13:50:00	49800	2468	2550	0	5485	617	614	0	583	185	195	0	704	401	424	0	1870	636	660	0	572	6	2	0	22	235	236	0	776	92	92	0	390	129	144	0	119	167	183	0	449
13:55:00	50100	2828	2528	0	5785	756	651	0	688	224	162	0	766	416	424	0	1862	645	604	0	613	4	3	0	23	255	252	0	779	109	90	0	409	161	158	0	122	258	184	0	523
14:00:00	50400	2515	2572	0	5728	626	681	0	633	175	168	0	773	438	430	0	1870	660	620	0	653	1	0	0	24	248	249	0	778	92	95	0	406	125	124	0	123	150	205	0	468
14:05:00	50700	2424	2567	0	5585	609	627	0	615	142	175	0	740	414	411	0	1873	620	689	0	584	1	2	0	23	239	238	0	779	91	93	0	404	139	131	0	131	169	201	0	436
14:10:00	51000	2560	2586	0	5559	642	644	0	613	159	152	0	747	413	450	0	1836	690	641	0	633	2	3	0	22	239	248	0	770	109	103	0	410	126	140	0	117	180	205	0	411
14:15:00	51300	2491	2482	0	5568	662	627	0	648	166	180	0	733	400	406	0	1830	640	649	0	624	2	2	0	22	232	242	0	760	99	92	0	417	118	122	0	113	172	162	0	421
14:20:00	51600	2537	2495	0	5610	693	683	0	658	161	172	0	722	430	394	0	1866	589	630	0	583	2	1	0	23	254	221	0	793	100	78	0	439	132	129	0	116	176	187	0	410
14:25:00	51900	2544	2540	0	5614	656	635	0	679	179	172	0	729	414	439	0	1841	659	663	0	579	2	1	0	24	236	233	0	796	105	96	0	448	139	137	0	118	154	164	0	400
14:30:00	52200	2583	2605	0	5592	634	699	0	614	168	173	0	724	423	388	0	1876	635	630	0	584	1	1	0	24	305	277	0	824	112	111	0	449	153	163	0	108	152	163	0	389
14:35:00	52500	2446	2412	0	5626	626	625	0	615	153	140	0	737	399	423	0	1852	645	613	0	616	0	4	0	20	229	236	0	817	111	94	0	466	122	118	0	112	161	159	0	391
14:40:00	52800	2479	2508	0	5597	646	645	0	616	155	161	0	731	424	388	0	1888	611	646	0	581	1	1	0	20	253	236	0	834	108	125	0	449	140	143	0	109	141	163	0	369
14:45:00	53100	2468	2455	0	5610	609	634	0	591	153	152	0	732	416	408	0	1896	628	597	0	612	1	3	0	18	258	266	0	826	89	90	0	448	159	147	0	121	155	158	0	366
14:50:00	53400	2414	2406	0	5618	629	623	0	597	156	151	0	737	405	377	0	1924	591	603	0	600	0	0	0	18	270	247	0	849	81	111	0	418	142	158	0	105	140	136	0	370
14:55:00	53700	2373	2461	0	5530	594	612	0	579	148	156	0	729	381	400	0	1905	635	648	0	587	1	2	0	17	255	253	0	851	88	96	0	410	121	136	0	90	150	158	0	362
15:00:00	54000	2509	2488	0	5551	652	620	0	611	161	169	0	721	395	430	0	1870	643	612	0	618	0	2	0	15	271	265	0	857	91	85	0	416	140	145	0	85	156	160	0	358
15:05:00	54300	2456	2465	0	5542	647	647	0	611	158	170	0	709	404	382	0	1892	628	663	0	583	3	3	0	15	250	254	0	853	102	85	0	433	120	120	0	85	144	141	0	361
15:10:00	54600	2578	2532	0	5588	661	673	0	599	157	156	0	710	444	429	0	1907	648	636	0	595	0	2	0	13	269	261	0	861	107	92	0	448	145	134	0	96	147	149	0	359
15:15:00	54900	2480	2461	0	5607	623	631	0	591	166	147	0	729	397	417	0	1887	654	620	0	629	0	3	0	10	268	265	0	864	96	100	0	444	142	144	0	94	134	134	0	359
15:20:00	55200	2507	2510	0	5604	665	652	0	604	154	164	0	719	408	420	0	1875	657	652	0	634	1	1	0	10	262	258	0	868	97	88	0	453	123	125	0	92	140	150	0	349
15:25:00	55500	2649	2447	0	5806	713	629	0	688	185	148	0	756	410	388	0	1897	614	622	0	626	1	0	0	11	252	278	0	842	118	89	0	482	155	151	0	96	201	142	0	408
15:30:00	55800	2553	2518	0	5841	681	708	0	661	158	160	0	754	463	414	0	1946	624	639	0	611	0	1	0	10	251	213	0	880	113	117	0	478	123	118	0	101	140	148	0	400
15:35:00	56100	2554	2552	0	5843	667	662	0	666	148	162	0	740	409	423	0	1932	635	651	0	595	3	0	0	13	292	271	0	901	98	80	0	496	155	151	0	105	147	152	0	395
15:40:00	56400	2585	2584	0	5844	645	680	0	631	187	157	0	770	416	409	0	1939	653	657	0	591	0	0	0	13	291	259	0	933	101	119	0	478	139	139	0	105	153	164	0	384
15:45:00	56700	2598	2618	0	5824	676	678	0	629	174	181	0	763	418	423	0	1934	674	643	0	622	1	1	0	13	280	276	0	937	101	103	0	476	136	138	0	103	138	175	0	347
15:50:00	57000	2585	2589	0	5820	681	646	0	664	133	155	0	741	389	413	0	1910	675	654	0	643	2	2	0	13	301	290	0	948	105	133	0	448	163	159	0	107	136	137	0	346
15:55:00	57300	2584	2602	0	5802	669	669	0	664	145	172	0	714	415	400	0	1925	630	671	0	602	0	2	0	11	313	279	0	982	99	98	0	449	165	172	0	100	148	139	0	355
16:00:00	57600	2526	2496	0	5832	624	633	0	655	169	163	0	720	397	419	0	1903	681	599	0	684	1	2	0	10	280	303	0	959	89	98	0	440	157	143	0	114	128	136	0	347
16:05:00	57900	2660	2627	0	5865	725	689	0	691	163	150	0	733	450	420	0	1933	666	705	0	645	0	1	0	9	284	280	0	963	90	107	0	423	148	147	0	115	134	128	0	353
16:10:00	58200	2622	2641	0	5846	671	703	0	659	152	147	0	738	440	421	0	1952	672	680	0	637	1	0	0	10	289	294	0	958	126	97	0	452	143	158	0	100	128	141	0	340
16:15:00	58500	2556	2528	0	5874	667	665	0	661	155	150	0	743	394	396	0	1950	629	657	0	609	1	1	0	10	301	263	0	996	112	99	0	465	138	144	0	94	159	153	0	346
16:20:00	58800	2618	2567	0	5925	693	682	0	672	161	162	0	742	424	383	0	1991	646	634	0	621	2	1	0	11	290	304	0	982	110	101	0	474	151	149	0	96	141	151	0	336
16:25:00	59100	2653	2599	0	5979	662	689	0	645	172	175	0	739	442	421	0	2012	674	632	0	663	0	1	0	10	302	303	0	981	98	96	0	476	168	153	0	111	135	129	0	342
16:30:00	59400	2578	2615	0	5942	651	677	0	619	150	158	0	731	408	425	0	1995	656	679	0	640	0	2	0	8	308	274	0	1015	122	114	0	484	153	155	0	109	130	131	0	341
16:35:00	59700	2571	2566	0	5947	653	622	0	650	160	150	0	741	394	403	0	1986	674	656	0	658	0	1	0	7	280	318	0	977	115	119	0	480	158	179	0	88	137	118	0	360
16:40:00	60000	2635	2668	0	5914	652	687	0	615	171	159	0	753	427	453	0	1960	672	682	0	648	0	1	0	6	304	288	0	993	112	94	0	498	156	160	0	84	141	144	0	357
16:45:00	60300	2580	2608	0	5886	680	692	0	603	141	178	0	716	449	401	0	2008	637	634	0	651	0	0	0	6	297	310	0	980	103	92	0	509	166	166	0	84	107	135	0	329
16:50:00	60600	2678	2630	0	5934	711	682	0	632	173	167	0	722	403	434	0	1977	667	697	0	621	0	1	0	5	301	265	0	1016	131	116	0	524	149	138	0	95	143	130	0	342
16:55:00	60900	2652	2603	0	5983	680	679	0	633	184	167	0	739	421	395	0	2003	662	639	0	644	0	1	0	4	311	307	0	1020	112	113	0	523	169	165	0	99	113	137	0	318
17:00:00	61200	2601	2614	0	5970	663	656	0	640	181	145	0	775	435	437	0	2001	701	695	0	650	0	1	0	3	257	286	0	991	110	114	0	519	145	140	0	104	109	140	0	287
17:05:00	61500	2711	2662	0	6019	707	692	0	655	131	148	0	758	409	435	0	1975	692	674	0	668	0	1	0	2	326	317	0	1000	135	109	0	545	178	176	0	106	133	110	0	310
17:10:00	61800	2586	2675	0	5930	661	684	0	632	143	169	0	732	395	445	0	1925	695	707	0	656	2	0	0	4	310	293	0	1017	116	99	0	562	153	156	0	103	111	122	0	299
17:15:00	62100	2681	2690	0	5921	686	682	0	636	149	167	0	714	438	445	0	1918	715	685	0	686	0	0	0	4	279	300	0	996	126	129	0	559	155	163	0	95	133	119	0	313
17:20:00	62400	2644	2662	0	5903	688	691	0	633	157	153	0	718	425	399	0	1944	666	698	0	654	0	0	0	4	303	310	0	989	124	121	0	562	167	165	0	97	114	125	0	302
17:25:00	62700	2592	2599	0	5896	675	688	0	620	143	145	0	716	433	421	0	1956	660	669	0	645	0	0	0	4	279	272	0	996	113	108	0	567	154	164	0	87	135	132	0	305
17:30:00	63000	2661	2581	0	5976	692	674	0	638	153	132	0	737	425	418	0	1963	695	664	0	676	2	0	0	6	281	303	0	974	120	130	0	557	156	141	0	102	137	119	0	323
17:35:00	63300	2593	2635	0	5934	691	723	0	606	135	159	0	713	481	401	0	2043	673	687	0	662	0	0	0	6	268	285	0	957	109	115	0	551	131	141	0	92	105	124	0	304
17:40:00	63600	2411	2494	0	5851	619	610	0	615	118	144	0	687	378	424	0	1997	676	679	0	659	0	0	0	6	251	256	0	952	105	124	0	532	144	131	0	105	120	126	0	298
17:45:00	63900	2468	2578	0	5741	654	641	0	628	123	155	0	655	411	429	0	1979	655	708	0	606	0	0	0	6	272	272	0	952	97	106	0	523	142	151	0	96	114	116	0	296
17:50:00	64200	2523	2546	0	5718	657	670	0	615	130	131	0	654	420	437	0	1962	663	671	0	598	1	1	0	6	290	249	0	993	96	121	0	498	144	142	0	98	122	124	0	294
17:55:00	64500	2534	2624	0	5628	651	660	0	606	128	155	0	627	379	425	0	1916	698	695	0	601	0	2	0	4	297	295	0	995	126	124	0	500	158	157	0	99	97	111	0	280
18:00:00	64800	2599	2537	0	5690	677	656	0	627	165	140	0	652	410	423	0	1903	673	631	0	643	1	0	0	5	278	294	0	979	116	106	0	510	155	160	0	94	124	127	0	277
18:05:00	65100	2452	2512	0	5630	618	661	0	584	126	129	0	649	410	408	0	1905	658	654	0	647	0	0	0	5	298	277	0	1000	99	119	0	490	143	148	0	89	100	116	0	261
18:10:00	65400	2428	2444	0	5614	636	627	0	593	117	131	0	635	407	399	0	1913	617	645	0	619	0	0	0	5	282	282	0	1000	101	99	0	492	162	171	0	80	106	90	0	277
18:15:00	65700	2642	2590	0	5666	689	711	0	571	160	141	0	654	451	416	0	1948	652	655	0	616	0	1	0	4	311	291	0	1020	113	101	0	504	158	158	0	80	108	116	0	269
18:20:00	66000	2296	2359	0	5603	583	569	0	585	153	149	0	658	374	397	0	1925	650	637	0	629	0	0	0	4	218	266	0	972	89	112	0	481	110	116	0	74	119	113	0	275
18:25:00	66300	2377	2425	0	5555	617	629	0	573	112	134	0	636	388	382	0	1931	650	632	0	647	1	1	0	4	263	294	0	941	107	110	0	478	141	143	0	72	98	100	0	273
18:30:00	66600	2290	2415	0	5430	564	588	0	549	136	153	0	619	373	400	0	1904	637	642	0	642	0	1	0	3	252	277	0	916	99	103	0	474	133	134	0	71	96	117	0	252
18:35:00	66900	2316	2387	0	5359	607	600	0	556	113	136	0	596	395	370	0	1929	598	656	0	584	2	0	0	5	251	283	0	884	105	100	0	479	156	144	0	83	89	98	0	243
18:40:00	67200	2219	2295	0	5283	545	591	0	510	126	125	0	597	383	395	0	1917	617	607	0	594	0	0	0	5	236	251	0	869	98	88	0	489	128	131	0	80	86	107	0	222
18:45:00	67500	2330	2313	0	5300	556	587	0	479	163	116	0	644	376	397	0	1896	644	628	0	610	0	0	0	5	240	256	0	853	101	125	0	465	135	126	0	89	115	78	0	259
18:50:00	67800	2216	2235	0	5281	566	553	0	492	139	131	0	652	384	355	0	1925	578	596	0	592	1	0	0	6	212	260	0	805	96	101	0	460	153	146	0	96	87	93	0	253
18:55:00	68100	2028	2218	0	5091	520	558	0	454	86	156	0	582	370	370	0	1925	568	595	0	565	1	0	0	7	208	213	0	800	85	93	0	452	111	121	0	86	79	112	0	220
19:00:00	68400	2075	2142	0	5024	554	535	0	473	119	112	0	589	351	347	0	1929	558	609	0	514	1	0	0	8	211	220	0	791	81	104	0	429	112	126	0	72	88	89	0	219
19:05:00	68700	2095	2105	0	5014	562	542	0	493	102	117	0	574	368	379	0	1918	573	548	0	539	2	0	0	10	195	216	0	770	82	85	0	426	117	114	0	75	94	104	0	209
19:10:00	69000	2038	2153	0	4899	515	560	0	448	108	122	0	560	381	369	0	1930	573	598	0	514	0	3	0	7	201	226	0	745	78	87	0	417	108	111	0	72	74	77	0	206
19:15:00	69300	1928	1977	0	4850	517	506	0	459	94	127	0	527	342	356	0	1916	524	532	0	506	1	1	0	7	198	188	0	755	71	73	0	415	102	105	0	69	79	89	0	196
19:20:00	69600	1909	1944	0	4815	516	525	0	450	100	103	0	524	334	353	0	1897	510	535	0	481	0	0	0	7	192	185	0	762	99	70	0	444	93	98	0	64	65	75	0	186
19:25:00	69900	1982	1983	0	4814	529	518	0	461	103	102	0	525	364	379	0	1882	572	509	0	544	0	0	0	7	176	211	0	727	70	81	0	433	99	103	0	60	69	80	0	175
19:30:00	70200	1926	1993	0	4747	493	517	0	437	111	106	0	530	346	337	0	1891	519	553	0	510	0	1	0	6	202	199	0	730	69	96	0	406	113	117	0	56	73	67	0	181
19:35:00	70500	1861	1898	0	4710	496	485	0	448	101	115	0	516	332	351	0	1872	500	509	0	501	1	0	0	7	189	184	0	735	71	83	0	394	107	108	0	55	64	63	0	182
19:40:00	70800	1809	1909	0	4610	440	486	0	402	95	98	0	513	340	344	0	1868	512	531	0	482	1	2	0	6	175	177	0	733	73	88	0	379	101	95	0	61	72	88	0	166
19:45:00	71100	1763	1803	0	4570	483	449	0	436	82	120	0	475	318	321	0	1865	483	479	0	486	0	0	0	6	170	202	0	701	62	54	0	387	104	107	0	58	61	71	0	156
19:50:00	71400	1790	1794	0	4566	473	473	0	436	98	101	0	472	323	335	0	1853	484	486	0	484	1	0	0	7	175	167	0	709	79	80	0	386	106	99	0	65	51	53	0	154
19:55:00	71700	1803	1875	0	4494	464	480	0	420	94	103	0	463	338	348	0	1843	483	522	0	445	1	0	0	8	171	169	0	711	82	75	0	393	106	116	0	55	64	62	0	156
20:00:00	72000	1561	1630	0	4425	399	440	0	379	72	81	0	454	305	288	0	1860	433	453	0	425	1	0	0	9	159	173	0	697	60	57	0	396	84	88	0	51	48	50	0	154
20:05:00	72300	1549	1725	0	4249	338	413	0	304	61	100	0	415	294	318	0	1836	472	457	0	440	0	1	0	8	185	203	0	679	48	71	0	373	110	110	0	51	41	52	0	143
20:10:00	72600	1366	1583	0	4032	283	334	0	253	59	84	0	390	238	311	0	1763	466	442	0	464	0	1	0	7	146	185	0	640	39	79	0	333	102	98	0	55	33	49	0	127
20:15:00	72900	1257	1482	0	3807	284	271	0	266	66	83	0	373	188	300	0	1651	439	461	0	442	1	0	0	8	123	160	0	603	40	61	0	312	81	90	0	46	35	56	0	106
20:20:00	73200	1183	1417	0	3573	256	277	0	245	58	85	0	346	202	293	0	1560	428	421	0	449	1	0	0	9	109	151	0	561	29	67	0	274	72	74	0	44	28	49	0	85
20:25:00	73500	1151	1430	0	3294	222	255	0	212	51	71	0	326	179	304	0	1435	432	463	0	418	0	1	0	8	116	146	0	531	38	65	0	247	82	87	0	39	31	38	0	78
20:30:00	73800	1074	1296	0	3072	241	233	0	220	41	70	0	297	170	269	0	1336	397	418	0	397	0	2	0	6	98	143	0	486	29	51	0	225	71	75	0	35	27	35	0	70
20:35:00	74100	995	1195	0	2872	224	224	0	220	45	68	0	274	171	249	0	1258	366	403	0	360	0	1	0	5	76	117	0	445	27	53	0	199	51	56	0	30	35	24	0	81
20:40:00	74400	980	1152	0	2700	205	220	0	205	42	50	0	266	163	267	0	1154	388	368	0	380	0	0	0	5	70	121	0	394	27	49	0	177	55	53	0	32	30	24	0	87
20:45:00	74700	889	1049	0	2540	211	212	0	204	40	66	0	240	165	208	0	1111	298	354	0	324	1	0	0	6	66	106	0	354	27	31	0	173	55	49	0	38	26	23	0	90
20:50:00	75000	885	1058	0	2367	199	216	0	187	45	61	0	224	157	217	0	1051	291	335	0	280	0	1	0	5	76	96	0	334	29	26	0	176	55	62	0	31	33	44	0	79
20:55:00	75300	815	926	0	2256	188	190	0	185	42	42	0	224	149	210	0	990	296	290	0	286	0	1	0	4	52	83	0	303	20	37	0	159	37	38	0	30	31	35	0	75
21:00:00	75600	814	921	0	2149	185	192	0	178	49	55	0	218	150	199	0	941	278	291	0	273	0	1	0	3	58	76	0	285	23	42	0	140	45	47	0	28	26	18	0	83
21:05:00	75900	760	849	0	2060	185	199	0	164	41	40	0	219	153	181	0	913	255	265	0	263	3	0	0	6	53	80	0	258	19	27	0	132	34	29	0	33	17	28	0	72
21:10:00	76200	672	771	0	1961	160	161	0	163	32	43	0	208	130	158	0	885	227	244	0	246	0	0	0	6	44	62	0	240	15	34	0	113	32	38	0	27	32	31	0	73
21:15:00	76500	705	814	0	1852	180	185	0	158	30	48	0	190	147	176	0	856	240	263	0	223	1	1	0	6	38	59	0	219	19	27	0	105	25	28	0	24	25	27	0	71
21:20:00	76800	648	740	0	1760	153	175	0	136	26	39	0	177	144	177	0	823	215	233	0	205	0	0	0	6	35	39	0	215	19	21	0	103	25	27	0	22	31	29	0	73
21:25:00	77100	626	710	0	1676	156	160	0	132	25	39	0	163	135	175	0	783	223	214	0	214	0	2	0	4	31	47	0	199	16	18	0	101	22	25	0	19	18	30	0	61
21:30:00	77400	579	672	0	1583	160	154	0	138	23	33	0	153	132	155	0	760	191	223	0	182	0	0	0	4	29	39	0	189	10	22	0	89	21	23	0	17	13	23	0	51
21:35:00	77700	541	622	0	1502	129	139	0	128	22	25	0	150	120	149	0	731	185	208	0	159	0	1	0	3	29	34	0	184	10	24	0	75	25	24	0	18	21	18	0	54
21:40:00	78000	539	622	0	1419	117	143	0	102	19	31	0	138	112	145	0	698	183	189	0	153	0	1	0	2	40	45	0	179	14	21	0	68	29	28	0	19	25	19	0	60
21:45:00	78300	495	555	0	1359	122	118	0	106	23	31	0	130	96	145	0	649	183	160	0	176	0	0	0	2	31	43	0	167	9	12	0	65	22	23	0	18	9	23	0	46
21:50:00	78600	534	563	0	1330	144	136	0	114	30	28	0	132	121	128	0	642	166	174	0	168	0	0	0	2	26	42	0	151	14	19	0	60	18	24	0	12	15	12	0	49
21:55:00	78900	463	528	0	1265	119	126	0	107	22	31	0	123	99	119	0	622	151	179	0	140	0	1	0	1	28	34	0	145	9	6	0	63	15	14	0	13	20	18	0	51
22:00:00	79200	427	472	0	1220	105	100	0	112	20	22	0	121	80	125	0	577	160	146	0	154	0	1	0	0	22	34	0	133	12	14	0	61	15	15	0	13	13	15	0	49
22:05:00	79500	432	506	0	1146	97	104	0	105	21	27	0	115	89	122	0	544	156	162	0	148	0	0	0	0	27	38	0	122	4	15	0	50	24	22	0	15	14	16	0	47
22:10:00	79800	424	492	0	1078	99	120	0	84	16	25	0	106	99	118	0	525	140	157	0	131	0	0	0	0	24	31	0	115	12	5	0	57	15	19	0	11	19	17	0	49
22:15:00	80100	410	442	0	1046	112	95	0	101	20	24	0	102	69	108	0	486	135	131	0	135	0	0	0	0	31	35	0	111	15	13	0	59	20	19	0	12	8	17	0	40
22:20:00	80400	385	454	0	977	80	109	0	72	22	21	0	103	83	108	0	461	135	138	0	132	0	0	0	0	32	28	0	115	10	16	0	53	16	20	0	8	7	14	0	33
22:25:00	80700	325	398	0	904	71	79	0	64	13	28	0	88	66	99	0	428	124	126	0	130	0	0	0	0	18	28	0	105	6	10	0	49	10	13	0	5	17	15	0	35
22:30:00	81000	314	381	0	837	65	76	0	53	16	12	0	92	65	94	0	399	117	134	0	113	0	0	0	0	16	28	0	93	6	9	0	46	17	15	0	7	12	13	0	34
22:35:00	81300	304	345	0	796	85	64	0	74	10	19	0	83	56	88	0	367	106	113	0	106	2	0	0	2	14	23	0	84	5	10	0	41	16	13	0	10	10	15	0	29
22:40:00	81600	300	323	0	773	78	71	0	81	11	12	0	82	58	77	0	348	100	107	0	99	0	0	0	2	18	26	0	76	4	7	0	38	15	12	0	13	16	11	0	34
22:45:00	81900	290	321	0	742	77	82	0	76	10	13	0	79	71	78	0	341	91	100	0	90	0	0	0	2	14	15	0	75	6	7	0	37	11	12	0	12	10	14	0	30
22:50:00	82200	250	286	0	706	62	63	0	75	21	23	0	77	56	69	0	328	84	93	0	81	1	0	0	3	6	14	0	67	6	6	0	37	10	9	0	13	4	9	0	25
22:55:00	82500	249	293	0	662	53	69	0	59	12	14	0	75	64	68	0	324	85	97	0	69	0	0	0	3	10	18	0	59	1	5	0	33	12	14	0	11	12	8	0	29
23:00:00	82800	218	277	0	603	45	59	0	45	8	17	0	66	51	73	0	302	85	84	0	70	0	0	0	3	12	14	0	57	5	7	0	31	10	13	0	8	2	10	0	21
23:05:00	83100	226	265	0	564	47	52	0	40	11	17	0	60	48	67	0	283	87	78	0	79	0	0	0	3	7	19	0	45	4	10	0	25	9	11	0	6	13	11	0	23
23:10:00	83400	203	231	0	536	53	41	0	52	7	14	0	53	33	62	0	254	77	80	0	76	0	0	0	3	8	15	0	38	7	6	0	26	13	7	0	12	5	6	0	22
23:15:00	83700	177	231	0	482	32	47	0	37	11	13	0	51	43	58	0	239	68	80	0	64	0	1	0	2	7	9	0	36	1	7	0	20	7	7	0	12	8	9	0	21
23:20:00	84000	161	188	0	455	40	37	0	40	4	8	0	47	30	52	0	217	62	60	0	66	0	1	0	1	8	12	0	32	5	3	0	22	5	8	0	9	7	7	0	21
23:25:00	84300	185	198	0	442	47	55	0	32	10	9	0	48	52	45	0	224	55	61	0	60	0	0	0	1	6	8	0	30	2	6	0	18	7	8	0	8	6	6	0	21
23:30:00	84600	152	171	0	423	34	37	0	29	11	10	0	49	32	48	0	208	54	54	0	60	0	0	0	1	5	7	0	28	2	3	0	17	6	3	0	11	8	9	0	20
23:35:00	84900	151	178	0	396	32	36	0	25	13	7	0	55	32	49	0	191	54	65	0	49	0	0	0	1	5	7	0	26	4	2	0	19	5	6	0	10	6	6	0	20
23:40:00	85200	137	155	0	378	32	38	0	19	5	11	0	49	32	39	0	184	48	46	0	51	0	0	0	1	4	4	0	26	4	9	0	14	6	5	0	11	6	3	0	23
23:45:00	85500	135	167	0	346	36	29	0	26	5	10	0	44	25	43	0	166	54	57	0	48	0	1	0	0	2	10	0	18	4	3	0	15	4	6	0	9	5	8	0	20
23:50:00	85800	119	159	0	306	28	26	0	28	8	11	0	41	22	36	0	152	45	55	0	38	0	0	0	0	1	7	0	12	5	5	0	15	4	5	0	8	6	14	0	12
23:55:00	86100	114	130	0	290	31	31	0	28	5	9	0	37	26	33	0	145	38	44	0	32	0	0	0	0	3	1	0	14	4	4	0	15	3	3	0	8	4	5	0	11
24:00:00	86400	106	131	0	265	19	29	0	18	5	6	0	36	24	35	0	134	39	47	0	24	0	0	0	0	5	4	0	15	2	3	0	14	5	6	0	7	7	1	0	17
24:05:00	86700	95	101	0	259	20	21	0	17	8	9	0	35	21	30	0	125	33	24	0	33	0	0	0	0	2	2	0	15	2	6	0	10	5	4	0	8	4	5	0	16
24:10:00	87000	96	114	0	241	23	24	0	16	3	4	0	34	18	37	0	106	39	35	0	37	0	0	0	0	2	3	0	14	6	3	0	13	4	2	0	10	1	6	0	11
24:15:00	87300	82	103	0	220	24	20	0	20	2	10	0	26	16	23	0	99	34	31	0	40	0	0	0	0	1	7	0	8	4	6	0	11	0	2	0	8	1	4	0	8
24:20:00	87600	86	109	0	197	22	25	0	17	5	6	0	25	22	23	0	98	27	41	0	26	0	0	0	0	3	3	0	8	2	3	0	10	5	6	0	7	0	2	0	6
24:25:00	87900	64	76	0	185	13	14	0	16	4	5	0	24	12	25	0	85	27	26	0	27	0	0	0	0	1	2	0	7	2	1	0	11	3	0	0	10	2	3	0	5
24:30:00	88200	69	80	0	174	15	14	0	17	3	8	0	19	12	20	0	77	26	23	0	30	0	0	0	0	4	5	0	6	1	4	0	8	3	5	0	8	5	1	0	9
24:35:00	88500	77	82	0	169	29	21	0	25	3	3	0	19	18	18	0	77	20	30	0	20	0	0	0	0	2	1	0	7	2	2	0	8	3	5	0	6	0	2	0	7
24:40:00	88800	71	76	0	164	15	20	0	20	4	3	0	20	20	21	0	76	25	22	0	23	0	0	0	0	1	3	0	5	1	3	0	6	3	2	0	7	2	2	0	7
24:45:00	89100	63	82	0	145	12	18	0	14	2	4	0	18	15	26	0	65	29	28	0	24	0	0	0	0	1	1	0	5	2	2	0	6	0	2	0	5	2	1	0	8
24:50:00	89400	55	72	0	128	14	16	0	12	2	2	0	18	16	20	0	61	21	27	0	18	0	0	0	0	0	0	0	5	0	2	0	4	1	3	0	3	1	2	0	7
24:55:00	89700	43	56	0	115	11	15	0	8	1	7	0	12	14	12	0	63	15	17	0	16	0	0	0	0	0	2	0	3	1	2	0	3	0	0	0	3	1	1	0	7
25:00:00	90000	48	49	0	114	15	11	0	12	4	2	0	14	11	16	0	58	17	17	0	16	0	0	0	0	0	0	0	3	0	1	0	2	1	1	0	3	0	1	0	6
25:05:00	90300	41	49	0	106	6	12	0	6	4	3	0	15	12	14	0	56	15	15	0	16	0	0	0	0	0	0	0	3	0	1	0	1	2	1	0	4	2	3	0	5
25:10:00	90600	33	35	0	104	8	4	0	10	3	2	0	16	4	15	0	45	15	13	0	18	0	0	0	0	0	0	0	3	0	0	0	1	2	0	0	6	1	1	0	5
25:15:00	90900	38	52	0	90	9	10	0	9	1	6	0	11	9	12	0	42	14	16	0	16	0	0	0	0	2	2	0	3	0	1	0	0	2	3	0	5	1	2	0	4
25:20:00	91200	40	49	0	81	11	11	0	9	2	2	0	11	11	12	0	41	14	19	0	11	0	0	0	0	0	2	0	1	0	0	0	0	0	2	0	3	2	1	0	5
25:25:00	91500	34	43	0	72	7	6	0	10	3	2	0	12	6	16	0	31	16	15	0	12	0	0	0	0	0	0	0	1	0	0	0	0	1	1	0	3	1	3	0	3
25:30:00	91800	29	27	0	74	9	11	0	8	1	1	0	12	10	5	0	36	6	8	0	10	0	0	0	0	0	1	0	0	1	0	0	1	2	1	0	4	0	0	0	3
25:35:00	92100	32	34	0	72	11	9	0	10	1	6	0	7	9	11	0	34	11	7	0	14	0	0	0	0	0	0	0	0	0	0	0	1	0	1	0	3	0	0	0	3
25:40:00	92400	31	41	0	62	7	10	0	7	1	3	0	5	9	11	0	32	11	15	0	10	0	0	0	0	0	0	0	0	1	0	0	2	1	0	0	4	1	2	0	2
25:45:00	92700	20	21	0	61	4	5	0	6	2	1	0	6	5	5	0	32	6	7	0	9	0	0	0	0	0	0	0	0	0	1	0	1	1	2	0	3	2	0	0	4
25:50:00	93000	15	21	0	55	4	4	0	6	1	1	0	6	4	6	0	30	6	10	0	5	0	0	0	0	0	0	0	0	0	0	0	1	0	0	0	3	0	0	0	4
25:55:00	93300	19	16	0	58	6	5	0	7	1	0	0	7	5	5	0	30	5	5	0	5	0	0	0	0	0	0	0	0	0	0	0	1	1	1	0	3	1	0	0	5
26:00:00	93600	22	30	0	50	4	6	0	5	1	4	0	4	6	9	0	27	10	7	0	8	0	0	0	0	0	0	0	0	0	1	0	0	1	1	0	3	0	2	0	3
26:05:00	93900	19	18	0	51	6	5	0	6	3	0	0	7	5	5	0	27	5	5	0	8	0	0	0	0	0	0	0	0	0	0	0	0	0	1	0	2	0	2	0	1
26:10:00	94200	19	22	0	48	6	7	0	5	1	3	0	5	7	5	0	29	5	7	0	6	0	0	0	0	0	0	0	0	0	0	0	0	0	0	0	2	0	0	0	1
26:15:00	94500	20	24	0	44	4	7	0	2	0	1	0	4	7	9	0	27	9	7	0	8	0	0	0	0	0	0	0	0	0	0	0	0	0	0	0	2	0	0	0	1
26:20:00	94800	16	23	0	37	4	3	0	3	1	2	0	3	3	7	0	23	7	10	0	5	0	0	0	0	0	0	0	0	0	0	0	0	0	1	0	1	1	0	0	2
26:25:00	95100	8	12	0	33	0	1	0	2	0	0	0	3	1	7	0	17	7	4	0	8	0	0	0	0	0	0	0	0	0	0	0	0	0	0	0	1	0	0	0	2
26:30:00	95400	12	12	0	33	4	4	0	2	0	0	0	3	4	3	0	18	3	5	0	6	0	0	0	0	0	0	0	0	0	0	0	0	1	0	0	2	0	0	0	2
26:35:00	95700	11	12	0	32	1	0	0	3	1	0	0	4	0	8	0	10	8	4	0	10	0	0	0	0	0	0	0	0	0	0	0	0	0	0	0	2	1	0	0	3
26:40:00	96000	3	12	0	23	0	2	0	1	0	1	0	3	2	0	0	12	0	6	0	4	0	0	0	0	0	0	0	0	0	0	0	0	1	1	0	2	0	2	0	1
26:45:00	96300	4	6	0	21	1	1	0	1	0	0	0	3	1	2	0	11	2	3	0	3	0	0	0	0	0	0	0	0	0	0	0	0	0	0	0	2	0	0	0	1
26:50:00	96600	6	5	0	22	2	0	0	3	0	0	0	3	0	3	0	8	3	2	0	4	0	0	0	0	0	0	0	0	0	0	0	0	0	0	0	2	1	0	0	2
26:55:00	96900	6	7	0	21	2	1	0	4	1	0	0	4	1	2	0	7	2	3	0	3	0	0	0	0	0	0	0	0	0	0	0	0	0	1	0	1	0	0	0	2
27:00:00	97200	4	7	0	18	0	2	0	2	0	0	0	4	2	1	0	8	1	4	0	0	0	0	0	0	0	0	0	0	1	0	0	1	0	0	0	1	0	0	0	2
27:05:00	97500	5	5	0	18	1	2	0	1	0	0	0	4	2	2	0	8	2	1	0	1	0	0	0	0	0	0	0	0	0	0	0	1	0	0	0	1	0	0	0	2
27:10:00	97800	7	9	0	16	1	2	0	0	0	1	0	3	2	4	0	6	4	2	0	3	0	0	0	0	0	0	0	0	0	0	0	1	0	0	0	1	0	0	0	2
27:15:00	98100	5	8	0	13	1	1	0	0	0	1	0	2	1	3	0	4	3	3	0	3	0	0	0	0	0	0	0	0	0	0	0	1	0	0	0	1	0	0	0	2
27:20:00	98400	2	2	0	13	2	0	0	2	0	0	0	2	0	0	0	4	0	2	0	1	0	0	0	0	0	0	0	0	0	0	0	1	0	0	0	1	0	0	0	2
27:25:00	98700	4	4	0	13	1	1	0	2	0	0	0	2	1	2	0	3	2	1	0	2	0	0	0	0	0	0	0	0	0	0	0	1	0	0	0	1	0	0	0	2
27:30:00	99000	7	6	0	14	1	3	0	0	1	0	0	3	3	2	0	4	2	1	0	3	0	0	0	0	0	0	0	0	0	0	0	1	0	0	0	1	0	0	0	2
27:35:00	99300	1	4	0	11	0	0	0	0	0	0	0	3	0	1	0	3	1	2	0	2	0	0	0	0	0	0	0	0	0	0	0	1	0	1	0	0	0	0	0	2
27:40:00	99600	1	4	0	8	1	0	0	1	0	2	0	1	0	0	0	3	0	1	0	1	0	0	0	0	0	0	0	0	0	1	0	0	0	0	0	0	0	0	0	2
27:45:00	99900	2	2	0	8	1	1	0	1	0	0	0	1	0	0	0	3	0	1	0	0	0	0	0	0	1	0	0	1	0	0	0	0	0	0	0	0	0	0	0	2
27:50:00	100200	2	1	0	9	1	0	0	2	0	0	0	1	0	1	0	2	1	0	0	1	0	0	0	0	0	0	0	1	0	0	0	0	0	0	0	0	0	0	0	2
27:55:00	100500	5	5	0	9	1	2	0	1	1	0	0	2	2	1	0	3	1	2	0	0	0	0	0	0	0	0	0	1	0	0	0	0	0	0	0	0	0	0	0	2
28:00:00	100800	2	2	0	9	0	1	0	0	0	0	0	2	1	1	0	3	1	0	0	1	0	0	0	0	0	0	0	1	0	0	0	0	0	0	0	0	0	0	0	2
28:05:00	101100	1	2	0	8	0	0	0	0	0	1	0	1	0	1	0	2	1	0	0	2	0	0	0	0	0	0	0	1	0	0	0	0	0	0	0	0	0	0	0	2
28:10:00	101400	1	2	0	7	0	0	0	0	0	0	0	1	0	1	0	1	1	1	0	2	0	0	0	0	0	0	0	1	0	0	0	0	0	0	0	0	0	0	0	2
28:15:00	101700	1	2	0	6	0	0	0	0	0	0	0	1	0	1	0	0	1	1	0	2	0	0	0	0	0	0	0	1	0	0	0	0	0	0	0	0	0	0	0	2
28:20:00	102000	0	1	0	5	0	0	0	0	0	0	0	1	0	0	0	0	0	1	0	1	0	0	0	0	0	0	0	1	0	0	0	0	0	0	0	0	0	0	0	2
28:25:00	102300	0	1	0	4	0	0	0	0	0	0	0	1	0	0	0	0	0	1	0	0	0	0	0	0	0	0	0	1	0	0	0	0	0	0	0	0	0	0	0	2
28:30:00	102600	0	0	0	4	0	0	0	0	0	0	0	1	0	0	0	0	0	0	0	0	0	0	0	0	0	0	0	1	0	0	0	0	0	0	0	0	0	0	0	2
28:35:00	102900	0	0	0	4	0	0	0	0	0	0	0	1	0	0	0	0	0	0	0	0	0	0	0	0	0	0	0	1	0	0	0	0	0	0	0	0	0	0	0	2
28:40:00	103200	1	0	0	5	1	0	0	1	0	0	0	1	0	0	0	0	0	0	0	0	0	0	0	0	0	0	0	1	0	0	0	0	0	0	0	0	0	0	0	2
28:45:00	103500	0	0	0	5	0	0	0	1	0	0	0	1	0	0	0	0	0	0	0	0	0	0	0	0	0	0	0	1	0	0	0	0	0	0	0	0	0	0	0	2
28:50:00	103800	2	1	0	6	0	1	0	0	0	0	0	1	1	0	0	1	0	0	0	0	0	0	0	0	0	0	0	1	0	0	0	0	1	0	0	1	0	0	0	2
28:55:00	104100	0	0	0	6	0	0	0	0	0	0	0	1	0	0	0	1	0	0	0	0	0	0	0	0	0	0	0	1	0	0	0	0	0	0	0	1	0	0	0	2
29:00:00	104400	0	0	0	6	0	0	0	0	0	0	0	1	0	0	0	1	0	0	0	0	0	0	0	0	0	0	0	1	0	0	0	0	0	0	0	1	0	0	0	2
29:05:00	104700	1	1	0	6	0	0	0	0	0	0	0	1	0	1	0	0	1	0	0	1	0	0	0	0	0	0	0	1	0	0	0	0	0	0	0	1	0	0	0	2
29:10:00	105000	0	2	0	4	0	0	0	0	0	0	0	1	0	0	0	0	0	1	0	0	0	0	0	0	0	0	0	1	0	0	0	0	0	0	0	1	0	1	0	1
29:15:00	105300	0	0	0	4	0	0	0	0	0	0	0	1	0	0	0	0	0	0	0	0	0	0	0	0	0	0	0	1	0	0	0	0	0	0	0	1	0	0	0	1
29:20:00	105600	0	0	0	4	0	0	0	0	0	0	0	1	0	0	0	0	0	0	0	0	0	0	0	0	0	0	0	1	0	0	0	0	0	0	0	1	0	0	0	1
29:25:00	105900	0	0	0	4	0	0	0	0	0	0	0	1	0	0	0	0	0	0	0	0	0	0	0	0	0	0	0	1	0	0	0	0	0	0	0	1	0	0	0	1
29:30:00	106200	0	0	0	4	0	0	0	0	0	0	0	1	0	0	0	0	0	0	0	0	0	0	0	0	0	0	0	1	0	0	0	0	0	0	0	1	0	0	0	1
29:35:00	106500	2	0	0	6	1	0	0	1	0	0	0	1	0	0	0	0	0	0	0	0	0	0	0	0	0	0	0	1	0	0	0	0	0	0	0	1	1	0	0	2
29:40:00	106800	2	1	0	7	0	1	0	0	0	0	0	1	1	0	0	1	0	0	0	0	0	0	0	0	0	0	0	1	0	0	0	0	0	0	0	1	1	0	0	3
29:45:00	107100	0	0	0	7	0	0	0	0	0	0	0	1	0	0	0	1	0	0	0	0	0	0	0	0	0	0	0	1	0	0	0	0	0	0	0	1	0	0	0	3
29:50:00	107400	0	0	0	7	0	0	0	0	0	0	0	1	0	0	0	1	0	0	0	0	0	0	0	0	0	0	0	1	0	0	0	0	0	0	0	1	0	0	0	3
29:55:00	107700	1	0	0	8	0	0	0	0	0	0	0	1	0	0	0	1	0	0	0	0	0	0	0	0	0	0	0	1	0	0	0	0	0	0	0	1	1	0	0	4
30:00:00	108000	1	2	0	7	0	0	0	0	0	0	0	1	0	1	0	0	1	1	0	0	0	0	0	0	0	0	0	1	0	0	0	0	0	0	0	1	0	0	0	4
30:05:00	108300	6	4	9	0	0	0	0	0	2	1	2	0	0	0	0	0	0	0	0	0	0	0	0	0	0	0	1	0	0	0	0	0	4	0	5	0	0	3	1	0
