time	time	departures_all	arrivals_all	stuck_all	en-route_all	departures_access_walk	arrivals_access_walk	stuck_access_walk	en-route_access_walk	departures_bicycle	arrivals_bicycle	stuck_bicycle	en-route_bicycle	departures_car	arrivals_car	stuck_car	en-route_car	departures_egress_walk	arrivals_egress_walk	stuck_egress_walk	en-route_egress_walk	departures_freight	arrivals_freight	stuck_freight	en-route_freight	departures_pt	arrivals_pt	stuck_pt	en-route_pt	departures_ride	arrivals_ride	stuck_ride	en-route_ride	departures_transit_walk	arrivals_transit_walk	stuck_transit_walk	en-route_transit_walk	departures_walk	arrivals_walk	stuck_walk	en-route_walk
00:00:00	0	57	21	0	36	25	18	0	7	7	0	0	7	18	0	0	18	0	0	0	0	0	0	0	0	0	0	0	0	0	0	0	0	0	0	0	0	7	3	0	4
00:05:00	300	10	10	0	36	2	5	0	4	0	1	0	6	5	2	0	21	2	1	0	1	0	0	0	0	0	0	0	0	0	0	0	0	0	0	0	0	1	1	0	4
00:10:00	600	17	17	0	36	7	4	0	7	0	2	0	4	4	4	0	21	4	2	0	3	0	0	0	0	0	0	0	0	0	0	0	0	0	0	0	0	2	5	0	1
00:15:00	900	26	28	0	34	6	10	0	3	0	0	0	4	10	8	0	23	8	9	0	2	0	0	0	0	0	0	0	0	0	0	0	0	0	0	0	0	2	1	0	2
00:20:00	1200	12	10	0	36	2	2	0	3	2	1	0	5	2	4	0	21	4	3	0	3	0	0	0	0	0	0	0	0	0	0	0	0	0	0	0	0	2	0	0	4
00:25:00	1500	17	14	0	39	6	5	0	4	1	0	0	6	5	4	0	22	4	3	0	4	0	0	0	0	0	0	0	0	0	0	0	0	0	0	0	0	1	2	0	3
00:30:00	1800	19	26	0	32	4	4	0	4	0	3	0	3	3	10	0	15	10	7	0	7	1	0	0	1	0	0	0	0	0	0	0	0	0	0	0	0	1	2	0	2
00:35:00	2100	25	22	0	35	10	9	0	5	2	2	0	3	9	4	0	20	4	6	0	5	0	0	0	1	0	0	0	0	0	0	0	0	0	0	0	0	0	1	0	1
00:40:00	2400	22	18	0	39	8	8	0	5	1	1	0	3	6	3	0	23	3	5	0	3	2	0	0	3	0	0	0	0	0	0	0	0	0	0	0	0	2	1	0	2
00:45:00	2700	19	20	0	38	4	6	0	3	1	0	0	4	6	6	0	23	6	6	0	3	0	0	0	3	0	0	0	0	0	0	0	0	1	0	0	1	1	2	0	1
00:50:00	3000	31	26	0	43	11	9	0	5	1	2	0	3	8	9	0	22	9	6	0	6	1	0	0	4	0	0	0	0	0	0	0	0	0	0	0	1	1	0	0	2
00:55:00	3300	23	25	0	41	8	8	0	5	1	1	0	3	7	5	0	24	5	8	0	3	1	0	0	5	0	0	0	0	0	0	0	0	0	1	0	0	1	2	0	1
01:00:00	3600	36	21	0	56	12	9	0	8	5	1	0	7	9	6	0	27	7	3	0	7	0	1	0	4	0	0	0	0	0	0	0	0	0	0	0	0	3	1	0	3
01:05:00	3900	28	29	0	55	10	3	0	15	1	0	0	8	3	8	0	22	10	14	0	3	0	2	0	2	0	0	0	0	0	0	0	0	1	0	0	1	3	2	0	4
01:10:00	4200	34	33	0	56	8	16	0	7	0	3	0	5	16	7	0	31	7	6	0	4	0	0	0	2	0	0	0	0	0	0	0	0	0	0	0	1	3	1	0	6
01:15:00	4500	26	26	0	56	7	8	0	6	3	2	0	6	7	7	0	31	7	6	0	5	1	0	0	3	0	0	0	0	0	0	0	0	0	1	0	0	1	2	0	5
01:20:00	4800	25	23	0	58	9	7	0	8	2	0	0	8	7	5	0	33	6	6	0	5	0	1	0	2	0	0	0	0	0	0	0	0	0	0	0	0	1	4	0	2
01:25:00	5100	29	33	0	54	7	11	0	4	2	4	0	6	11	8	0	36	8	8	0	5	0	0	0	2	0	0	0	0	0	0	0	0	1	0	0	1	0	2	0	0
01:30:00	5400	29	25	0	58	9	4	0	9	2	1	0	7	4	11	0	29	11	8	0	8	0	0	0	2	0	0	0	0	0	0	0	0	0	1	0	0	3	0	0	3
01:35:00	5700	47	43	0	62	15	12	0	12	2	3	0	6	11	14	0	26	15	12	0	11	0	1	0	1	0	0	0	0	1	0	0	1	1	0	0	1	2	1	0	4
01:40:00	6000	24	28	0	58	6	7	0	11	0	3	0	3	6	6	0	26	8	9	0	10	0	0	0	1	0	0	0	0	1	2	0	0	2	0	0	3	1	1	0	4
01:45:00	6300	31	20	0	69	12	11	0	12	0	0	0	3	10	3	0	33	3	4	0	9	0	0	0	1	0	0	0	0	1	0	0	1	0	0	0	3	5	2	0	7
01:50:00	6600	41	40	0	70	10	14	0	8	5	1	0	7	14	8	0	39	9	9	0	9	0	0	0	1	0	0	0	0	0	1	0	0	0	1	0	2	3	6	0	4
01:55:00	6900	47	38	0	79	19	13	0	14	2	2	0	7	13	9	0	43	10	8	0	11	0	1	0	0	0	0	0	0	0	0	0	0	0	2	0	0	3	3	0	4
02:00:00	7200	42	42	0	79	5	12	0	7	7	0	0	14	12	11	0	44	11	14	0	8	0	0	0	0	0	0	0	0	0	0	0	0	0	0	0	0	7	5	0	6
02:05:00	7500	43	35	0	87	13	12	0	8	2	0	0	16	11	11	0	44	11	11	0	8	0	0	0	0	0	0	0	0	1	0	0	1	0	0	0	0	5	1	0	10
02:10:00	7800	36	40	0	83	10	10	0	8	2	4	0	14	10	13	0	41	13	11	0	10	0	0	0	0	0	0	0	0	1	0	0	2	0	0	0	0	0	2	0	8
02:15:00	8100	41	35	0	89	16	15	0	9	3	3	0	14	14	5	0	50	5	8	0	7	0	0	0	0	0	0	0	0	2	0	0	4	0	0	0	0	1	4	0	5
02:20:00	8400	45	38	0	96	13	11	0	11	1	3	0	12	11	12	0	49	12	11	0	8	0	0	0	0	0	0	0	0	2	0	0	6	0	0	0	0	6	1	0	10
02:25:00	8700	52	54	0	94	16	15	0	12	1	4	0	9	15	14	0	50	15	11	0	12	0	0	0	0	0	0	0	0	1	2	0	5	0	0	0	0	4	8	0	6
02:30:00	9000	48	43	0	99	19	14	0	17	4	1	0	12	14	9	0	55	9	13	0	8	0	0	0	0	0	0	0	0	1	1	0	5	1	0	0	1	0	5	0	1
02:35:00	9300	43	37	0	105	14	13	0	18	4	2	0	14	11	10	0	56	10	9	0	9	1	0	0	1	0	0	0	0	1	1	0	5	1	1	0	1	1	1	0	1
02:40:00	9600	63	52	0	116	19	18	0	19	6	2	0	18	17	17	0	56	17	12	0	14	1	0	0	2	0	0	0	0	1	2	0	4	0	0	0	1	2	1	0	2
02:45:00	9900	61	53	0	124	21	21	0	19	6	3	0	21	20	11	0	65	11	17	0	8	0	0	0	2	0	0	0	0	1	0	0	5	0	1	0	0	2	0	0	4
02:50:00	10200	48	44	0	128	11	18	0	12	3	5	0	19	16	9	0	72	9	8	0	9	0	0	0	2	0	0	0	0	4	1	0	8	0	0	0	0	5	3	0	6
02:55:00	10500	68	49	0	147	24	16	0	20	8	5	0	22	15	15	0	72	15	11	0	13	1	0	0	3	0	0	0	0	2	1	0	9	0	0	0	0	3	1	0	8
03:00:00	10800	71	62	0	156	25	23	0	22	5	7	0	20	21	15	0	78	15	13	0	15	1	0	0	4	0	0	0	0	1	0	0	10	1	0	0	1	2	4	0	6
03:05:00	11100	113	78	0	191	45	37	0	30	4	4	0	20	35	17	0	96	18	15	0	18	0	0	0	4	0	0	0	0	3	3	0	10	1	0	0	2	7	2	0	11
03:10:00	11400	86	81	0	196	28	26	0	32	6	8	0	18	24	17	0	103	18	23	0	13	1	0	0	5	1	0	0	1	2	3	0	9	0	0	0	2	6	4	0	13
03:15:00	11700	126	100	0	222	42	40	0	34	4	3	0	19	36	25	0	114	27	23	0	17	1	0	0	6	0	0	0	1	5	2	0	12	0	0	0	2	11	7	0	17
03:20:00	12000	95	87	0	230	30	33	0	31	3	4	0	18	31	18	0	127	20	19	0	18	0	0	0	6	1	1	0	1	2	2	0	12	2	1	0	3	6	9	0	14
03:25:00	12300	99	87	0	242	35	34	0	32	4	4	0	18	32	18	0	141	19	19	0	18	1	0	0	7	1	0	0	2	4	4	0	12	0	1	0	2	3	7	0	10
03:30:00	12600	104	90	0	256	34	32	0	34	4	5	0	17	30	26	0	145	26	23	0	21	0	0	0	7	0	0	0	2	4	1	0	15	1	0	0	3	5	3	0	12
03:35:00	12900	134	115	0	275	44	43	0	35	6	3	0	20	40	28	0	157	31	28	0	24	0	0	0	7	0	0	0	2	4	5	0	14	2	1	0	4	7	7	0	12
03:40:00	13200	125	100	0	300	47	43	0	39	6	5	0	21	40	20	0	177	20	24	0	20	0	0	0	7	3	1	0	4	3	1	0	16	1	1	0	4	5	5	0	12
03:45:00	13500	142	115	0	327	44	43	0	40	7	3	0	25	41	27	0	191	32	28	0	24	1	3	0	5	1	1	0	4	4	3	0	17	5	1	0	8	7	6	0	13
03:50:00	13800	162	116	0	373	68	51	0	57	8	6	0	27	49	22	0	218	23	24	0	23	0	1	0	4	1	0	0	5	3	1	0	19	3	2	0	9	7	9	0	11
03:55:00	14100	175	148	0	400	59	64	0	52	3	3	0	27	53	36	0	235	38	34	0	27	3	1	0	6	6	0	0	11	4	2	0	21	3	4	0	8	6	4	0	13
04:00:00	14400	187	155	0	432	65	60	0	57	10	5	0	32	45	35	0	245	39	38	0	28	0	0	0	6	11	2	0	20	6	5	0	22	3	3	0	8	8	7	0	14
04:05:00	14700	224	183	0	473	78	78	0	57	3	5	0	30	68	41	0	272	47	39	0	36	0	1	0	5	7	3	0	24	5	5	0	22	4	4	0	8	12	7	0	19
04:10:00	15000	199	179	0	493	68	57	0	68	7	8	0	29	52	48	0	276	50	49	0	37	0	1	0	4	1	1	0	24	7	2	0	27	3	3	0	8	11	10	0	20
04:15:00	15300	251	224	0	520	83	80	0	71	3	5	0	27	69	53	0	292	62	61	0	38	0	0	0	4	8	5	0	27	7	8	0	26	7	3	0	12	12	9	0	23
04:20:00	15600	250	214	0	556	79	73	0	77	12	6	0	33	67	57	0	302	64	52	0	50	0	1	0	3	6	3	0	30	6	6	0	26	5	7	0	10	11	9	0	25
04:25:00	15900	263	229	0	590	88	85	0	80	7	9	0	31	78	53	0	327	56	60	0	46	0	0	0	3	9	5	0	34	3	4	0	25	8	6	0	12	14	7	0	32
04:30:00	16200	286	252	0	624	98	93	0	85	8	7	0	32	79	49	0	357	54	64	0	36	0	0	0	3	14	8	0	40	8	6	0	27	9	9	0	12	16	16	0	32
04:35:00	16500	301	241	0	684	101	97	0	89	15	7	0	40	84	57	0	384	63	49	0	50	0	1	0	2	9	5	0	44	9	4	0	32	5	6	0	11	15	15	0	32
04:40:00	16800	326	272	0	738	115	104	0	100	14	10	0	44	81	59	0	406	64	70	0	44	3	0	0	5	17	5	0	56	10	8	0	34	6	5	0	12	16	11	0	37
04:45:00	17100	374	312	0	800	121	116	0	105	14	9	0	49	94	77	0	423	89	69	0	64	0	0	0	5	17	13	0	60	14	6	0	42	8	5	0	15	17	17	0	37
04:50:00	17400	400	348	0	852	128	114	0	119	18	12	0	55	86	74	0	435	85	86	0	63	1	1	0	5	31	19	0	72	12	4	0	50	13	20	0	8	26	18	0	45
04:55:00	17700	408	348	0	912	137	138	0	118	10	11	0	54	117	73	0	479	85	77	0	71	0	0	0	5	21	12	0	81	10	13	0	47	7	10	0	5	21	14	0	52
05:00:00	18000	424	356	0	980	142	132	0	128	23	11	0	66	103	69	0	513	84	91	0	64	2	1	0	6	25	14	0	92	19	7	0	59	10	10	0	5	16	21	0	47
05:05:00	18300	486	367	0	1099	178	141	0	165	29	12	0	83	105	76	0	542	88	80	0	72	0	1	0	5	32	19	0	105	20	8	0	71	16	10	0	11	18	20	0	45
05:10:00	18600	546	437	0	1208	200	163	0	202	24	13	0	94	133	87	0	588	104	104	0	72	3	0	0	8	40	25	0	120	7	10	0	68	17	18	0	10	18	17	0	46
05:15:00	18900	568	440	0	1336	197	181	0	218	24	15	0	103	127	86	0	629	97	94	0	75	1	0	0	9	54	23	0	151	23	8	0	83	20	19	0	11	25	14	0	57
05:20:00	19200	639	508	0	1467	227	223	0	222	21	24	0	100	149	89	0	689	105	101	0	79	2	0	0	11	71	21	0	201	22	9	0	96	15	16	0	10	27	25	0	59
05:25:00	19500	714	543	0	1638	249	226	0	245	30	21	0	109	156	87	0	758	110	102	0	87	2	1	0	12	76	38	0	239	27	13	0	110	28	28	0	10	36	27	0	68
05:30:00	19800	837	634	0	1841	283	280	0	248	38	21	0	126	206	108	0	856	130	117	0	100	1	3	0	10	85	32	0	292	25	16	0	119	33	29	0	14	36	28	0	76
05:35:00	20100	774	629	0	1986	248	262	0	234	38	17	0	147	182	97	0	941	119	126	0	93	1	1	0	10	94	48	0	338	26	11	0	134	36	34	0	16	30	33	0	73
05:40:00	20400	866	708	0	2144	272	267	0	239	26	20	0	153	191	132	0	1000	172	133	0	132	1	0	0	11	103	64	0	377	21	20	0	135	43	40	0	19	37	32	0	78
05:45:00	20700	957	742	0	2359	322	262	0	299	40	30	0	163	181	124	0	1057	167	150	0	149	0	1	0	10	108	80	0	405	39	14	0	160	51	52	0	18	49	29	0	98
05:50:00	21000	992	821	0	2530	286	296	0	289	61	27	0	197	204	154	0	1107	197	173	0	173	1	0	0	11	120	75	0	450	40	20	0	180	49	48	0	19	34	28	0	104
05:55:00	21300	1134	951	0	2713	338	318	0	309	48	18	0	227	207	175	0	1139	241	197	0	217	1	1	0	11	144	112	0	482	43	22	0	201	69	67	0	21	43	41	0	106
06:00:00	21600	1304	1128	0	2889	396	369	0	336	54	51	0	230	260	206	0	1193	287	259	0	245	1	1	0	11	135	104	0	513	44	36	0	209	64	56	0	29	63	46	0	123
06:05:00	21900	1421	1158	0	3152	431	378	0	389	69	31	0	268	267	214	0	1246	282	278	0	249	0	1	0	10	154	110	0	557	38	32	0	215	81	71	0	39	99	43	0	179
06:10:00	22200	1405	1289	0	3268	369	387	0	371	76	42	0	302	258	215	0	1289	302	293	0	258	2	1	0	11	195	147	0	605	40	40	0	215	95	97	0	37	68	67	0	180
06:15:00	22500	1398	1361	0	3305	389	377	0	383	59	68	0	293	232	261	0	1260	338	324	0	272	0	1	0	10	188	132	0	661	42	33	0	224	81	83	0	35	69	82	0	167
06:20:00	22800	1427	1332	0	3400	374	357	0	400	76	64	0	305	238	221	0	1277	335	318	0	289	2	2	0	10	179	167	0	673	46	39	0	231	98	96	0	37	79	68	0	178
06:25:00	23100	1567	1426	0	3541	448	420	0	428	71	59	0	317	262	228	0	1311	357	324	0	322	2	2	0	10	193	185	0	681	66	48	0	249	94	87	0	44	74	73	0	179
06:30:00	23400	1548	1443	0	3646	420	429	0	419	64	55	0	326	291	233	0	1369	347	343	0	326	1	0	0	11	199	173	0	707	52	46	0	255	90	93	0	41	84	71	0	192
06:35:00	23700	1521	1449	0	3718	406	429	0	396	85	86	0	325	274	214	0	1429	334	339	0	321	1	1	0	11	205	168	0	744	47	45	0	257	83	83	0	41	86	84	0	194
06:40:00	24000	1662	1524	0	3856	456	429	0	423	81	66	0	340	285	257	0	1457	378	360	0	339	0	0	0	11	212	193	0	763	57	42	0	272	109	101	0	49	84	76	0	202
06:45:00	24300	1711	1580	0	3987	471	441	0	453	97	77	0	360	274	268	0	1463	412	369	0	382	1	1	0	11	217	191	0	789	50	52	0	270	93	89	0	53	96	92	0	206
06:50:00	24600	1803	1654	0	4136	515	480	0	488	92	73	0	379	311	283	0	1491	408	399	0	391	3	0	0	14	225	195	0	819	60	43	0	287	97	98	0	52	92	83	0	215
06:55:00	24900	1817	1744	0	4209	451	464	0	475	104	77	0	406	275	287	0	1479	446	426	0	411	1	1	0	14	256	229	0	846	55	69	0	273	116	110	0	58	113	81	0	247
07:00:00	25200	1785	1763	0	4231	462	451	0	486	83	75	0	414	283	270	0	1492	425	448	0	388	0	0	0	14	239	227	0	858	75	63	0	285	123	127	0	54	95	102	0	240
07:05:00	25500	1901	1811	0	4321	495	494	0	487	91	77	0	428	309	297	0	1504	453	437	0	404	0	1	0	13	249	222	0	885	65	62	0	288	125	113	0	66	114	108	0	246
07:10:00	25800	2016	1871	0	4466	550	509	0	528	103	94	0	437	333	301	0	1536	472	426	0	450	3	3	0	13	245	245	0	885	80	53	0	315	122	124	0	64	108	116	0	238
07:15:00	26100	2108	1988	0	4586	556	554	0	530	105	100	0	442	340	310	0	1566	503	474	0	479	1	2	0	12	288	260	0	913	67	64	0	318	123	137	0	50	125	87	0	276
07:20:00	26400	2144	2113	0	4617	527	562	0	495	116	108	0	450	348	320	0	1594	499	501	0	477	3	0	0	15	307	286	0	934	63	56	0	325	148	151	0	47	133	129	0	280
07:25:00	26700	2025	1970	0	4672	490	490	0	495	111	89	0	472	290	313	0	1571	499	492	0	484	2	0	0	17	265	264	0	935	82	57	0	350	137	128	0	56	149	137	0	292
07:30:00	27000	2069	2016	0	4725	503	501	0	497	116	99	0	489	312	307	0	1576	501	524	0	461	4	3	0	18	263	271	0	927	75	58	0	367	133	130	0	59	162	123	0	331
07:35:00	27300	2119	2015	0	4829	550	500	0	547	141	94	0	536	318	341	0	1553	527	510	0	478	2	0	0	20	243	255	0	915	70	68	0	369	129	117	0	71	139	130	0	340
07:40:00	27600	2225	2109	0	4945	586	541	0	592	125	122	0	539	350	316	0	1587	526	508	0	496	3	1	0	22	267	276	0	906	67	74	0	362	142	137	0	76	159	134	0	365
07:45:00	27900	2177	2164	0	4958	514	581	0	525	138	106	0	571	373	332	0	1628	521	525	0	492	2	3	0	21	270	256	0	920	72	78	0	356	127	128	0	75	160	155	0	370
07:50:00	28200	2257	2252	0	4963	550	539	0	536	141	148	0	564	346	374	0	1600	558	547	0	503	1	6	0	16	284	268	0	936	64	67	0	353	143	136	0	82	170	167	0	373
07:55:00	28500	2169	2133	0	4999	528	548	0	516	131	115	0	580	358	327	0	1631	511	534	0	480	2	1	0	17	262	247	0	951	74	80	0	347	139	134	0	87	164	147	0	390
08:00:00	28800	2347	2271	0	5075	553	558	0	511	145	144	0	581	367	355	0	1643	581	521	0	540	4	3	0	18	252	293	0	910	100	84	0	363	148	143	0	92	197	170	0	417
08:05:00	29100	2252	2204	0	5123	567	541	0	537	134	136	0	579	372	367	0	1648	564	554	0	550	2	1	0	19	220	254	0	876	65	64	0	364	129	111	0	110	199	176	0	440
08:10:00	29400	2400	2319	0	5204	610	582	0	565	171	134	0	616	401	358	0	1691	548	569	0	529	0	3	0	16	258	259	0	875	66	69	0	361	142	145	0	107	204	200	0	444
08:15:00	29700	2437	2401	0	5240	582	616	0	531	168	152	0	632	414	375	0	1730	574	569	0	534	4	1	0	19	268	262	0	881	77	88	0	350	143	151	0	99	207	187	0	464
08:20:00	30000	2386	2398	0	5228	585	600	0	516	149	161	0	620	383	386	0	1727	581	570	0	545	0	0	0	19	267	261	0	887	84	73	0	361	126	130	0	95	211	217	0	458
08:25:00	30300	2446	2335	0	5339	604	578	0	542	177	146	0	651	407	351	0	1783	569	584	0	530	1	0	0	20	231	284	0	834	89	67	0	383	139	144	0	90	229	181	0	506
08:30:00	30600	2505	2424	0	5420	617	600	0	559	160	151	0	660	415	393	0	1805	591	583	0	538	2	1	0	21	249	259	0	824	91	81	0	393	156	131	0	115	224	225	0	505
08:35:00	30900	2457	2414	0	5463	651	597	0	613	152	155	0	657	408	385	0	1828	592	586	0	544	1	3	0	19	213	234	0	803	87	93	0	387	119	129	0	105	234	232	0	507
08:40:00	31200	2555	2511	0	5507	621	673	0	561	149	164	0	642	445	412	0	1861	602	591	0	555	1	1	0	19	286	246	0	843	80	84	0	383	147	129	0	123	224	211	0	520
08:45:00	31500	2547	2494	0	5560	633	619	0	575	171	153	0	660	440	402	0	1899	617	613	0	559	0	4	0	15	238	262	0	819	81	80	0	384	142	143	0	122	225	218	0	527
08:50:00	31800	2475	2490	0	5545	609	600	0	584	157	158	0	659	420	426	0	1893	608	615	0	552	0	2	0	13	221	230	0	810	95	87	0	392	141	130	0	133	224	242	0	509
08:55:00	32100	2526	2499	0	5572	623	610	0	597	164	167	0	656	431	410	0	1914	616	606	0	562	1	2	0	12	233	259	0	784	75	73	0	394	134	141	0	126	249	231	0	527
09:00:00	32400	2585	2529	0	5628	635	673	0	559	143	166	0	633	487	408	0	1993	591	593	0	560	0	1	0	11	226	225	0	785	100	96	0	398	142	136	0	132	261	231	0	557
09:05:00	32700	2474	2536	0	5566	598	581	0	576	153	151	0	635	384	421	0	1956	643	658	0	545	2	2	0	11	236	251	0	770	97	110	0	385	133	142	0	123	228	220	0	565
09:10:00	33000	2588	2538	0	5616	637	630	0	583	182	166	0	651	450	441	0	1965	615	597	0	563	0	1	0	10	219	219	0	770	106	91	0	400	117	133	0	107	262	260	0	567
09:15:00	33300	2626	2552	0	5690	665	669	0	579	160	158	0	653	481	427	0	2019	612	614	0	561	0	2	0	8	214	215	0	769	102	88	0	414	122	121	0	108	270	258	0	579
09:20:00	33600	2635	2583	0	5742	638	617	0	600	167	179	0	641	420	456	0	1983	650	635	0	576	4	1	0	11	238	239	0	768	85	90	0	409	140	135	0	113	293	231	0	641
09:25:00	33900	2665	2681	0	5726	628	662	0	566	165	154	0	652	474	452	0	2005	654	667	0	563	1	1	0	11	235	248	0	755	102	96	0	415	152	134	0	131	254	267	0	628
09:30:00	34200	2528	2585	0	5669	596	612	0	550	170	156	0	666	411	461	0	1955	638	625	0	576	0	2	0	9	229	207	0	777	104	110	0	409	134	130	0	135	246	282	0	592
09:35:00	34500	2626	2628	0	5667	641	642	0	549	157	172	0	651	436	429	0	1962	629	630	0	575	2	0	0	11	233	225	0	785	107	112	0	404	136	130	0	141	285	288	0	589
09:40:00	34800	2548	2553	0	5662	622	638	0	533	179	183	0	647	455	422	0	1995	622	613	0	584	3	0	0	14	219	235	0	769	69	96	0	377	124	128	0	137	255	238	0	606
09:45:00	35100	2659	2676	0	5645	620	619	0	534	176	175	0	648	452	459	0	1988	672	643	0	613	1	2	0	13	220	251	0	738	101	101	0	377	145	156	0	126	272	270	0	608
09:50:00	35400	2490	2555	0	5580	601	624	0	511	146	163	0	631	448	427	0	2009	580	681	0	512	2	1	0	14	202	194	0	746	105	82	0	400	123	128	0	121	283	255	0	636
09:55:00	35700	2646	2605	0	5621	646	634	0	523	178	155	0	654	458	485	0	1982	681	602	0	591	1	0	0	15	208	232	0	722	94	85	0	409	128	127	0	122	252	285	0	603
10:00:00	36000	2691	2578	0	5734	696	634	0	585	192	180	0	666	451	427	0	2006	616	632	0	575	2	2	0	15	218	211	0	729	96	110	0	395	145	118	0	149	275	264	0	614
10:05:00	36300	2547	2564	0	5717	624	637	0	572	163	142	0	687	451	440	0	2017	625	635	0	565	1	0	0	16	216	215	0	730	94	98	0	391	115	131	0	133	258	266	0	606
10:10:00	36600	2733	2749	0	5701	699	716	0	555	156	200	0	643	516	468	0	2065	646	645	0	566	0	1	0	15	220	209	0	741	113	93	0	411	137	132	0	138	246	285	0	567
10:15:00	36900	2615	2570	0	5746	611	649	0	517	170	178	0	635	458	439	0	2084	635	601	0	600	0	2	0	13	224	232	0	733	92	89	0	414	133	129	0	142	292	251	0	608
10:20:00	37200	2555	2570	0	5731	656	586	0	587	174	148	0	661	418	475	0	2027	659	659	0	600	3	0	0	16	196	211	0	718	81	92	0	403	121	122	0	141	247	277	0	578
10:25:00	37500	2637	2666	0	5702	624	651	0	560	170	160	0	671	477	485	0	2019	677	709	0	568	1	0	0	17	209	222	0	705	85	88	0	400	128	134	0	135	266	217	0	627
10:30:00	37800	2628	2628	0	5702	676	634	0	602	168	178	0	661	459	440	0	2038	625	629	0	564	1	2	0	16	224	240	0	689	93	75	0	418	145	143	0	137	237	287	0	577
10:35:00	38100	2617	2630	0	5689	650	643	0	609	167	170	0	658	446	508	0	1976	691	637	0	618	5	0	0	21	194	191	0	692	108	109	0	417	111	115	0	133	245	257	0	565
10:40:00	38400	2553	2631	0	5611	635	632	0	612	168	166	0	660	461	423	0	2014	633	707	0	544	1	3	0	19	207	227	0	672	69	95	0	391	126	126	0	133	253	252	0	566
10:45:00	38700	2628	2616	0	5623	655	681	0	586	163	189	0	634	492	439	0	2067	617	612	0	549	2	2	0	19	221	205	0	688	98	109	0	380	132	138	0	127	248	241	0	573
10:50:00	39000	2585	2513	0	5695	647	636	0	597	152	159	0	627	476	429	0	2114	630	589	0	590	2	1	0	20	177	220	0	645	105	104	0	381	109	118	0	118	287	257	0	603
10:55:00	39300	2487	2552	0	5630	610	604	0	603	158	157	0	628	426	474	0	2066	650	672	0	568	0	1	0	19	189	186	0	648	99	100	0	380	110	101	0	127	245	257	0	591
11:00:00	39600	2572	2598	0	5604	630	658	0	575	169	158	0	639	476	465	0	2077	646	618	0	596	4	0	0	23	203	218	0	633	110	92	0	398	124	129	0	122	210	260	0	541
11:05:00	39900	2565	2651	0	5518	634	623	0	586	159	181	0	617	456	485	0	2048	643	679	0	560	2	1	0	24	188	190	0	631	101	109	0	390	130	120	0	132	252	263	0	530
11:10:00	40200	2435	2448	0	5505	605	622	0	569	175	147	0	645	463	441	0	2070	600	621	0	539	3	1	0	26	181	181	0	631	94	90	0	394	103	119	0	116	211	226	0	515
11:15:00	40500	2510	2516	0	5499	598	619	0	548	167	147	0	665	438	468	0	2040	668	634	0	573	1	4	0	23	215	223	0	623	98	95	0	397	120	117	0	119	205	209	0	511
11:20:00	40800	2507	2476	0	5530	626	629	0	545	158	162	0	661	427	455	0	2012	623	626	0	570	2	1	0	24	223	184	0	662	93	92	0	398	110	107	0	122	245	220	0	536
11:25:00	41100	2561	2544	0	5547	632	627	0	550	172	182	0	651	472	456	0	2028	660	623	0	607	4	1	0	27	169	212	0	619	104	95	0	407	111	108	0	125	237	240	0	533
11:30:00	41400	2507	2542	0	5512	622	629	0	543	146	177	0	620	464	441	0	2051	613	648	0	572	3	1	0	29	191	193	0	617	103	102	0	408	132	125	0	132	233	226	0	540
11:35:00	41700	2518	2512	0	5518	667	627	0	583	156	141	0	635	466	447	0	2070	622	662	0	532	1	1	0	29	176	185	0	608	83	106	0	385	102	116	0	118	245	227	0	558
11:40:00	42000	2471	2469	0	5520	618	652	0	549	163	154	0	644	447	438	0	2079	618	602	0	548	1	5	0	25	201	194	0	615	105	85	0	405	108	108	0	118	210	231	0	537
11:45:00	42300	2489	2557	0	5452	606	617	0	538	160	139	0	665	450	489	0	2040	674	659	0	563	2	1	0	26	170	199	0	586	114	91	0	428	110	105	0	123	203	257	0	483
11:50:00	42600	2505	2473	0	5484	639	583	0	594	167	167	0	665	428	446	0	2022	619	621	0	561	1	2	0	25	191	201	0	576	110	102	0	436	120	130	0	113	230	221	0	492
11:55:00	42900	2422	2451	0	5455	605	617	0	582	142	157	0	650	431	457	0	1996	624	630	0	555	1	1	0	25	199	175	0	600	84	102	0	418	122	103	0	132	214	209	0	497
12:00:00	43200	2388	2423	0	5420	579	613	0	548	138	148	0	640	441	448	0	1989	602	621	0	536	1	4	0	22	189	166	0	623	96	113	0	401	110	102	0	140	232	208	0	521
12:05:00	43500	2402	2489	0	5333	549	588	0	509	156	158	0	638	401	456	0	1934	651	614	0	573	2	2	0	22	212	208	0	627	95	110	0	386	112	128	0	124	224	225	0	520
12:10:00	43800	2255	2345	0	5243	582	572	0	519	133	152	0	619	417	417	0	1934	559	617	0	515	2	2	0	22	175	165	0	637	87	77	0	396	102	118	0	108	198	225	0	493
12:15:00	44100	2399	2398	0	5244	606	595	0	530	144	125	0	638	421	455	0	1900	612	588	0	539	0	2	0	20	203	198	0	642	92	86	0	402	121	120	0	109	200	229	0	464
12:20:00	44400	2410	2367	0	5287	629	606	0	553	135	124	0	649	433	432	0	1901	622	605	0	556	2	0	0	22	191	212	0	621	88	86	0	404	114	113	0	110	196	189	0	471
12:25:00	44700	2272	2379	0	5180	566	598	0	521	127	151	0	625	438	400	0	1939	565	600	0	521	0	2	0	20	199	201	0	619	87	105	0	386	117	116	0	111	173	206	0	438
12:30:00	45000	2347	2300	0	5227	611	590	0	542	155	142	0	638	420	401	0	1958	561	588	0	494	4	3	0	21	175	175	0	619	109	90	0	405	109	120	0	100	203	191	0	450
12:35:00	45300	2324	2350	0	5201	586	600	0	528	120	145	0	613	437	436	0	1959	607	563	0	538	3	2	0	22	187	196	0	610	82	104	0	383	99	110	0	89	203	194	0	459
12:40:00	45600	2352	2297	0	5256	588	606	0	510	131	150	0	594	425	417	0	1967	589	563	0	564	1	4	0	19	201	193	0	618	106	84	0	405	107	99	0	97	204	181	0	482
12:45:00	45900	2421	2464	0	5213	599	600	0	509	141	152	0	583	423	466	0	1924	648	631	0	581	1	2	0	18	201	209	0	610	104	87	0	422	117	107	0	107	187	210	0	459
12:50:00	46200	2248	2321	0	5140	578	549	0	538	129	138	0	574	407	435	0	1896	591	620	0	552	4	2	0	20	188	179	0	619	60	86	0	396	112	113	0	106	179	199	0	439
12:55:00	46500	2429	2319	0	5250	636	629	0	545	141	138	0	577	459	406	0	1949	553	584	0	521	3	2	0	21	186	176	0	629	111	85	0	422	129	112	0	123	211	187	0	463
13:00:00	46800	2485	2394	0	5341	674	657	0	562	151	139	0	589	476	429	0	1996	603	583	0	541	3	1	0	23	201	191	0	639	100	94	0	428	86	111	0	98	191	189	0	465
13:05:00	47100	2361	2346	0	5356	613	593	0	582	112	130	0	571	423	439	0	1980	606	602	0	545	2	2	0	23	188	190	0	637	105	94	0	439	116	100	0	114	196	196	0	465
13:10:00	47400	2457	2501	0	5312	639	625	0	596	125	137	0	559	459	428	0	2011	619	621	0	543	3	1	0	25	210	217	0	630	82	116	0	405	134	136	0	112	186	220	0	431
13:15:00	47700	2395	2392	0	5315	605	643	0	558	137	138	0	558	453	436	0	2028	593	602	0	534	3	4	0	24	200	182	0	648	92	87	0	410	107	116	0	103	205	184	0	452
13:20:00	48000	2460	2457	0	5318	654	612	0	600	134	132	0	560	440	439	0	2029	629	616	0	547	0	0	0	24	209	234	0	623	97	99	0	408	125	124	0	104	172	201	0	423
13:25:00	48300	2421	2419	0	5320	619	677	0	542	136	145	0	551	480	417	0	2092	584	615	0	516	1	1	0	24	206	187	0	642	102	100	0	410	100	102	0	102	193	175	0	441
13:30:00	48600	2442	2422	0	5340	634	653	0	523	132	144	0	539	458	468	0	2082	624	585	0	555	1	0	0	25	201	181	0	662	103	91	0	422	107	99	0	110	182	201	0	422
13:35:00	48900	2369	2379	0	5330	603	563	0	563	139	132	0	546	386	428	0	2040	595	623	0	527	0	0	0	25	234	216	0	680	83	95	0	410	130	143	0	97	199	179	0	442
13:40:00	49200	2520	2402	0	5448	686	640	0	609	137	125	0	558	468	417	0	2091	605	598	0	534	2	1	0	26	209	214	0	675	98	99	0	409	122	120	0	99	193	188	0	447
13:45:00	49500	2451	2486	0	5413	611	650	0	570	118	136	0	540	451	457	0	2085	631	629	0	536	4	3	0	27	233	198	0	710	98	96	0	411	117	123	0	93	188	194	0	441
13:50:00	49800	2382	2394	0	5401	645	613	0	602	149	125	0	564	426	441	0	2070	599	630	0	505	0	3	0	24	223	199	0	734	83	70	0	424	111	110	0	94	146	203	0	384
13:55:00	50100	2748	2409	0	5740	730	679	0	653	177	126	0	615	498	402	0	2166	601	583	0	523	0	1	0	23	221	239	0	716	105	99	0	430	152	125	0	121	264	155	0	493
14:00:00	50400	2468	2551	0	5657	589	673	0	569	146	137	0	624	481	448	0	2199	643	614	0	552	1	6	0	18	221	218	0	719	94	110	0	414	112	126	0	107	181	219	0	455
14:05:00	50700	2392	2475	0	5574	589	598	0	560	113	141	0	596	403	481	0	2121	686	641	0	597	2	1	0	19	208	230	0	697	108	83	0	439	104	112	0	99	179	188	0	446
14:10:00	51000	2487	2572	0	5489	652	650	0	562	127	146	0	577	479	452	0	2148	647	653	0	591	0	2	0	17	212	233	0	676	80	99	0	420	132	131	0	100	158	206	0	398
14:15:00	51300	2395	2380	0	5504	624	594	0	592	146	147	0	576	392	431	0	2109	600	636	0	555	1	0	0	18	239	214	0	701	96	88	0	428	130	115	0	115	167	155	0	410
14:20:00	51600	2419	2450	0	5473	633	601	0	624	137	136	0	577	424	463	0	2070	646	640	0	561	2	2	0	18	224	219	0	706	79	89	0	418	115	125	0	105	159	175	0	394
14:25:00	51900	2445	2375	0	5543	642	630	0	636	152	115	0	614	423	452	0	2041	637	615	0	583	1	4	0	15	228	194	0	740	102	100	0	420	106	107	0	104	154	158	0	390
14:30:00	52200	2454	2447	0	5550	622	650	0	608	131	144	0	601	453	419	0	2075	603	622	0	564	2	1	0	16	234	237	0	737	106	91	0	435	135	130	0	109	168	153	0	405
14:35:00	52500	2384	2445	0	5489	607	596	0	619	157	149	0	609	408	448	0	2035	641	655	0	550	3	2	0	17	218	215	0	740	100	92	0	443	92	116	0	85	158	172	0	391
14:40:00	52800	2452	2384	0	5557	628	636	0	611	154	140	0	623	421	436	0	2020	626	593	0	583	0	1	0	16	239	222	0	757	110	95	0	458	126	107	0	104	148	154	0	385
14:45:00	53100	2499	2480	0	5576	703	661	0	653	137	158	0	602	448	414	0	2054	609	621	0	571	3	2	0	17	243	216	0	784	94	122	0	430	107	122	0	89	155	164	0	376
14:50:00	53400	2575	2534	0	5617	661	692	0	622	138	140	0	600	473	434	0	2093	629	619	0	581	1	1	0	17	272	258	0	798	106	90	0	446	148	144	0	93	147	156	0	367
14:55:00	53700	2514	2538	0	5593	655	679	0	598	129	154	0	575	473	453	0	2113	635	667	0	549	1	2	0	16	246	220	0	824	94	101	0	439	137	135	0	95	144	127	0	384
15:00:00	54000	2369	2364	0	5598	604	621	0	581	127	130	0	572	426	410	0	2129	600	590	0	559	2	1	0	17	234	241	0	817	95	89	0	445	134	126	0	103	147	156	0	375
15:05:00	54300	2472	2422	0	5648	635	611	0	605	141	124	0	589	412	431	0	2110	623	604	0	578	3	0	0	20	249	248	0	818	119	100	0	464	134	144	0	93	156	160	0	371
15:10:00	54600	2458	2451	0	5655	621	634	0	592	116	116	0	589	444	445	0	2109	650	623	0	605	1	3	0	18	238	234	0	822	95	115	0	444	122	123	0	92	171	158	0	384
15:15:00	54900	2438	2478	0	5615	596	639	0	549	119	134	0	574	428	442	0	2095	627	607	0	625	2	3	0	17	270	246	0	846	109	100	0	453	133	145	0	80	154	162	0	376
15:20:00	55200	2427	2472	0	5570	615	614	0	550	126	127	0	573	419	417	0	2097	632	648	0	609	1	3	0	15	256	284	0	818	97	81	0	469	135	134	0	81	146	164	0	358
15:25:00	55500	2658	2515	0	5713	767	654	0	663	136	152	0	557	458	432	0	2123	623	644	0	588	0	1	0	14	246	240	0	824	115	96	0	488	140	137	0	84	173	159	0	372
15:30:00	55800	2557	2506	0	5764	650	687	0	626	137	113	0	581	493	450	0	2166	644	623	0	609	0	0	0	14	237	250	0	811	101	98	0	491	136	126	0	94	159	159	0	372
15:35:00	56100	2515	2533	0	5746	642	657	0	611	135	112	0	604	445	478	0	2133	684	668	0	625	1	2	0	13	249	252	0	808	101	94	0	498	117	115	0	96	141	155	0	358
15:40:00	56400	2539	2560	0	5725	671	663	0	619	119	126	0	597	422	457	0	2098	649	676	0	598	2	1	0	14	296	258	0	846	102	85	0	515	127	147	0	76	151	147	0	362
15:45:00	56700	2441	2494	0	5672	634	652	0	601	126	141	0	582	438	421	0	2115	628	658	0	568	0	2	0	12	254	249	0	851	96	104	0	507	131	123	0	84	134	144	0	352
15:50:00	57000	2601	2550	0	5723	677	667	0	611	117	127	0	572	460	458	0	2117	676	621	0	623	0	3	0	9	256	260	0	847	119	116	0	510	144	136	0	92	152	162	0	342
15:55:00	57300	2554	2572	0	5705	657	667	0	601	131	129	0	574	434	458	0	2093	692	696	0	619	2	1	0	10	268	273	0	842	112	106	0	516	129	116	0	105	129	126	0	345
16:00:00	57600	2593	2580	0	5718	689	660	0	630	136	122	0	588	462	460	0	2095	675	660	0	634	0	1	0	9	253	260	0	835	101	131	0	486	135	136	0	104	142	150	0	337
16:05:00	57900	2560	2521	0	5757	677	671	0	636	137	132	0	593	448	425	0	2118	658	665	0	627	0	0	0	9	248	272	0	811	110	98	0	498	134	133	0	105	148	125	0	360
16:10:00	58200	2488	2457	0	5788	666	661	0	641	142	122	0	613	452	399	0	2171	588	633	0	582	0	0	0	9	267	238	0	840	100	112	0	486	138	146	0	97	135	146	0	349
16:15:00	58500	2545	2535	0	5798	658	662	0	637	139	135	0	617	439	454	0	2156	663	647	0	598	0	2	0	7	271	245	0	866	113	113	0	486	129	127	0	99	133	150	0	332
16:20:00	58800	2492	2488	0	5802	606	654	0	589	129	135	0	611	425	432	0	2149	639	618	0	619	0	0	0	7	276	269	0	873	120	102	0	504	150	147	0	102	147	131	0	348
16:25:00	59100	2545	2546	0	5801	669	629	0	629	125	155	0	581	414	444	0	2119	670	644	0	645	0	1	0	6	265	263	0	875	111	124	0	491	143	142	0	103	148	144	0	352
16:30:00	59400	2458	2472	0	5787	663	635	0	657	124	122	0	583	418	436	0	2101	600	667	0	578	1	0	0	7	266	227	0	914	118	89	0	520	137	152	0	88	131	144	0	339
16:35:00	59700	2579	2576	0	5790	674	711	0	620	131	154	0	560	461	405	0	2157	623	657	0	544	0	2	0	5	302	262	0	954	112	124	0	508	133	137	0	84	143	124	0	358
16:40:00	60000	2600	2510	0	5880	668	687	0	601	127	111	0	576	463	463	0	2157	682	594	0	632	0	0	0	5	276	281	0	949	113	97	0	524	136	139	0	81	135	138	0	355
16:45:00	60300	2541	2595	0	5826	653	652	0	602	127	117	0	586	460	446	0	2171	661	701	0	592	0	0	0	5	252	276	0	925	116	105	0	535	157	141	0	97	115	157	0	313
16:50:00	60600	2565	2524	0	5867	669	657	0	614	141	137	0	590	447	434	0	2184	664	654	0	602	0	0	0	5	253	274	0	904	110	105	0	540	117	135	0	79	164	128	0	349
16:55:00	60900	2464	2469	0	5862	639	624	0	629	128	129	0	589	394	461	0	2117	661	623	0	640	3	0	0	8	281	259	0	926	110	90	0	560	144	137	0	86	104	146	0	307
17:00:00	61200	2572	2599	0	5835	670	657	0	642	137	126	0	600	423	437	0	2103	686	694	0	632	1	2	0	7	271	275	0	922	116	140	0	536	133	141	0	78	135	127	0	315
17:05:00	61500	2655	2620	0	5870	709	685	0	666	140	119	0	621	460	428	0	2135	644	706	0	570	1	1	0	7	288	274	0	936	116	119	0	533	139	154	0	63	158	134	0	339
17:10:00	61800	2604	2563	0	5911	662	715	0	613	132	133	0	620	490	464	0	2161	676	624	0	622	1	1	0	7	272	267	0	941	107	118	0	522	142	119	0	86	122	122	0	339
17:15:00	62100	2515	2556	0	5870	650	660	0	603	135	149	0	606	440	447	0	2154	633	678	0	577	1	0	0	8	280	249	0	972	115	107	0	530	142	137	0	91	119	129	0	329
17:20:00	62400	2439	2462	0	5847	615	665	0	553	132	144	0	594	447	417	0	2184	632	602	0	607	0	0	0	8	263	268	0	967	117	103	0	544	117	130	0	78	116	133	0	312
17:25:00	62700	2487	2486	0	5848	626	611	0	568	146	142	0	598	407	455	0	2136	684	641	0	650	2	0	0	10	251	264	0	954	114	114	0	544	127	125	0	80	130	134	0	308
17:30:00	63000	2555	2561	0	5842	671	660	0	579	114	118	0	594	436	438	0	2134	621	679	0	592	1	0	0	11	291	275	0	970	118	107	0	555	170	152	0	98	133	132	0	309
17:35:00	63300	2497	2478	0	5861	661	672	0	568	127	136	0	585	437	406	0	2165	609	619	0	582	2	0	0	13	281	259	0	992	109	104	0	560	151	145	0	104	120	137	0	292
17:40:00	63600	2422	2470	0	5813	626	625	0	569	126	136	0	575	437	440	0	2162	662	634	0	610	0	0	0	13	233	266	0	959	106	117	0	549	129	134	0	99	103	118	0	277
17:45:00	63900	2532	2577	0	5768	640	641	0	568	130	137	0	568	433	447	0	2148	675	659	0	626	1	0	0	14	280	291	0	948	106	117	0	538	157	162	0	94	110	123	0	264
17:50:00	64200	2511	2464	0	5815	644	630	0	582	141	125	0	584	431	421	0	2158	653	641	0	638	1	0	0	15	273	293	0	928	99	116	0	521	158	143	0	109	111	95	0	280
17:55:00	64500	2425	2514	0	5726	578	599	0	561	144	159	0	569	398	439	0	2117	651	644	0	645	0	0	0	15	268	275	0	921	106	113	0	514	147	164	0	92	133	121	0	292
18:00:00	64800	2396	2389	0	5733	636	628	0	569	127	138	0	558	415	409	0	2123	609	624	0	630	0	0	0	15	255	248	0	928	109	99	0	524	128	128	0	92	117	115	0	294
18:05:00	65100	2335	2456	0	5612	580	599	0	550	125	125	0	558	397	429	0	2091	646	646	0	630	0	1	0	14	256	270	0	914	100	113	0	511	150	148	0	94	81	125	0	250
18:10:00	65400	2336	2463	0	5485	600	588	0	562	119	133	0	544	408	436	0	2063	620	683	0	567	0	0	0	14	242	249	0	907	113	118	0	506	136	152	0	78	98	104	0	244
18:15:00	65700	2425	2317	0	5593	672	653	0	581	111	113	0	542	450	391	0	2122	577	579	0	565	2	2	0	14	255	231	0	931	115	116	0	505	139	125	0	92	104	107	0	241
18:20:00	66000	2262	2278	0	5577	546	599	0	528	105	113	0	534	399	388	0	2133	595	572	0	588	0	0	0	14	255	274	0	912	113	89	0	529	132	148	0	76	117	95	0	263
18:25:00	66300	2309	2364	0	5522	598	595	0	531	102	113	0	523	424	411	0	2146	614	626	0	576	0	3	0	11	236	262	0	886	100	102	0	527	138	141	0	73	97	111	0	249
18:30:00	66600	2250	2310	0	5462	554	572	0	513	121	112	0	532	383	406	0	2123	631	609	0	598	1	3	0	9	246	269	0	863	92	110	0	509	130	131	0	72	92	98	0	243
18:35:00	66900	2202	2320	0	5344	555	536	0	532	115	124	0	523	372	408	0	2087	624	663	0	559	1	1	0	9	210	246	0	827	102	119	0	492	122	123	0	71	101	100	0	244
18:40:00	67200	2178	2252	0	5270	533	571	0	494	111	129	0	505	392	432	0	2047	623	602	0	580	2	2	0	9	223	232	0	818	97	89	0	500	110	109	0	72	87	86	0	245
18:45:00	67500	2173	2251	0	5192	543	543	0	494	100	98	0	507	377	428	0	1996	618	616	0	582	2	1	0	10	232	255	0	795	70	77	0	493	129	126	0	75	102	107	0	240
18:50:00	67800	2129	2203	0	5118	556	572	0	478	109	117	0	499	418	375	0	2039	540	606	0	516	0	1	0	9	217	215	0	797	71	94	0	470	130	134	0	71	88	89	0	239
18:55:00	68100	2012	2064	0	5066	531	503	0	506	77	99	0	477	353	402	0	1990	566	565	0	517	1	0	0	10	181	202	0	776	84	99	0	455	105	100	0	76	114	94	0	259
19:00:00	68400	1920	2056	0	4930	493	484	0	515	75	112	0	440	313	358	0	1945	537	548	0	506	0	0	0	10	231	237	0	770	77	82	0	450	118	128	0	66	76	107	0	228
19:05:00	68700	1984	2050	0	4864	513	563	0	465	77	97	0	420	391	364	0	1972	544	542	0	508	1	0	0	11	211	204	0	777	73	90	0	433	105	103	0	68	69	87	0	210
19:10:00	69000	2023	2085	0	4802	523	512	0	476	82	94	0	408	361	378	0	1955	554	545	0	517	0	0	0	11	212	236	0	753	78	95	0	416	118	133	0	53	95	92	0	213
19:15:00	69300	1862	1936	0	4728	480	498	0	458	86	93	0	401	354	354	0	1955	498	553	0	462	1	2	0	10	186	187	0	752	84	74	0	426	94	98	0	49	79	77	0	215
19:20:00	69600	1955	2010	0	4673	514	513	0	459	99	98	0	402	371	383	0	1943	553	536	0	479	0	1	0	9	179	208	0	723	73	90	0	409	95	95	0	49	71	86	0	200
19:25:00	69900	1751	1883	0	4541	420	462	0	417	76	87	0	391	333	378	0	1898	525	519	0	485	2	0	0	11	172	187	0	708	67	77	0	399	91	91	0	49	65	82	0	183
19:30:00	70200	1773	1854	0	4460	441	432	0	426	81	80	0	392	304	366	0	1836	518	508	0	495	2	1	0	12	180	201	0	687	63	82	0	380	115	105	0	59	69	79	0	173
19:35:00	70500	1738	1850	0	4348	432	461	0	397	73	91	0	374	324	363	0	1797	489	543	0	441	1	2	0	11	179	162	0	704	61	65	0	376	96	91	0	64	83	72	0	184
19:40:00	70800	1662	1738	0	4272	422	428	0	391	64	92	0	346	323	312	0	1808	461	467	0	435	1	3	0	9	158	187	0	675	75	70	0	381	97	100	0	61	61	79	0	166
19:45:00	71100	1670	1733	0	4209	413	445	0	359	68	87	0	327	324	333	0	1799	460	452	0	443	2	0	0	11	174	182	0	667	61	67	0	375	107	115	0	53	61	52	0	175
19:50:00	71400	1667	1734	0	4142	433	416	0	376	72	65	0	334	327	352	0	1774	491	496	0	438	0	1	0	10	149	170	0	646	48	77	0	346	92	94	0	51	55	63	0	167
19:55:00	71700	1636	1707	0	4071	434	443	0	367	63	82	0	315	323	336	0	1761	457	474	0	421	1	1	0	10	154	159	0	641	65	64	0	347	84	89	0	46	55	59	0	163
20:00:00	72000	1496	1609	0	3958	352	389	0	330	68	74	0	309	285	315	0	1731	456	442	0	435	0	0	0	10	146	176	0	611	58	69	0	336	83	83	0	46	48	61	0	150
20:05:00	72300	1445	1627	0	3776	338	343	0	325	75	76	0	308	256	326	0	1661	459	483	0	411	0	1	0	9	141	179	0	573	47	65	0	318	90	91	0	45	39	63	0	126
20:10:00	72600	1270	1463	0	3583	273	328	0	270	51	67	0	292	249	318	0	1592	429	421	0	419	0	0	0	9	109	135	0	547	44	67	0	295	72	71	0	46	43	56	0	113
20:15:00	72900	1296	1445	0	3434	321	329	0	262	52	64	0	280	260	290	0	1562	399	440	0	378	0	0	0	9	104	140	0	511	46	60	0	281	70	76	0	40	44	46	0	111
20:20:00	73200	1234	1367	0	3301	294	326	0	230	38	70	0	248	248	299	0	1511	391	378	0	391	2	2	0	9	111	125	0	497	37	50	0	268	69	70	0	39	44	47	0	108
20:25:00	73500	1110	1246	0	3165	273	257	0	246	45	74	0	219	210	268	0	1453	376	384	0	383	1	1	0	9	82	124	0	455	34	46	0	256	60	57	0	42	29	35	0	102
20:30:00	73800	1086	1270	0	2981	242	284	0	204	35	42	0	212	219	271	0	1401	378	391	0	370	0	1	0	8	96	125	0	426	37	61	0	232	58	59	0	41	21	36	0	87
20:35:00	74100	1025	1186	0	2820	259	260	0	203	42	52	0	202	203	248	0	1356	336	388	0	318	2	0	0	10	78	101	0	403	30	45	0	217	39	56	0	24	36	36	0	87
20:40:00	74400	1014	1126	0	2708	263	249	0	217	40	44	0	198	200	261	0	1295	346	337	0	327	2	2	0	10	65	97	0	371	31	49	0	199	42	49	0	17	25	38	0	74
20:45:00	74700	981	1070	0	2619	265	242	0	240	28	48	0	178	186	238	0	1243	308	332	0	303	0	0	0	10	73	91	0	353	36	46	0	189	53	45	0	25	32	28	0	78
20:50:00	75000	998	1122	0	2495	241	280	0	201	39	46	0	171	228	233	0	1238	315	335	0	283	0	2	0	8	71	92	0	332	33	46	0	176	42	48	0	19	29	40	0	67
20:55:00	75300	896	991	0	2400	209	235	0	175	32	27	0	176	189	238	0	1189	294	310	0	267	0	1	0	7	68	78	0	322	29	28	0	177	47	43	0	23	28	31	0	64
21:00:00	75600	831	925	0	2306	202	192	0	185	38	36	0	178	159	220	0	1128	276	305	0	238	0	1	0	6	57	76	0	303	19	31	0	165	48	40	0	31	32	24	0	72
21:05:00	75900	866	937	0	2235	210	226	0	169	33	33	0	178	187	229	0	1086	288	275	0	251	1	0	0	7	51	78	0	276	26	29	0	162	40	41	0	30	30	26	0	76
21:10:00	76200	778	867	0	2146	187	204	0	152	37	46	0	169	166	186	0	1066	237	253	0	235	1	0	0	8	67	65	0	278	19	34	0	147	43	48	0	25	21	31	0	66
21:15:00	76500	753	845	0	2054	188	197	0	143	27	36	0	160	163	207	0	1022	250	262	0	223	0	1	0	7	51	55	0	274	16	30	0	133	33	32	0	26	25	25	0	66
21:20:00	76800	726	807	0	1973	188	184	0	147	26	25	0	161	152	195	0	979	250	258	0	215	0	1	0	6	37	58	0	253	26	28	0	131	25	33	0	18	22	25	0	63
21:25:00	77100	670	795	0	1848	154	161	0	140	35	36	0	160	135	183	0	931	243	254	0	204	0	2	0	4	37	68	0	222	22	31	0	122	25	32	0	11	19	28	0	54
21:30:00	77400	648	743	0	1753	161	159	0	142	29	31	0	158	133	182	0	882	233	243	0	194	0	2	0	2	35	57	0	200	16	21	0	117	25	22	0	14	16	26	0	44
21:35:00	77700	628	694	0	1687	149	163	0	128	34	36	0	156	138	172	0	848	218	213	0	199	0	0	0	2	28	47	0	181	14	22	0	109	25	19	0	20	22	22	0	44
21:40:00	78000	629	727	0	1589	151	159	0	120	21	34	0	143	132	165	0	815	210	228	0	181	0	1	0	1	45	60	0	166	16	24	0	101	31	36	0	15	23	20	0	47
21:45:00	78300	559	615	0	1533	143	143	0	120	24	29	0	138	120	162	0	773	198	193	0	186	0	0	0	1	22	35	0	153	14	24	0	91	17	14	0	18	21	15	0	53
21:50:00	78600	522	599	0	1456	133	129	0	124	22	23	0	137	112	147	0	738	189	211	0	164	0	0	0	1	22	38	0	137	14	19	0	86	17	15	0	20	13	17	0	49
21:55:00	78900	531	604	0	1383	132	148	0	108	22	22	0	137	123	155	0	706	188	189	0	163	0	0	0	1	27	35	0	129	15	21	0	80	17	18	0	19	7	16	0	40
22:00:00	79200	507	613	0	1277	118	139	0	87	12	32	0	117	116	142	0	680	178	190	0	151	0	0	0	1	34	44	0	119	12	18	0	74	25	27	0	17	12	21	0	31
22:05:00	79500	446	503	0	1220	110	106	0	91	15	28	0	104	96	149	0	627	168	158	0	161	0	0	0	1	15	24	0	110	6	8	0	72	16	14	0	19	20	16	0	35
22:10:00	79800	398	474	0	1144	93	101	0	83	20	21	0	103	80	111	0	596	144	167	0	138	0	1	0	0	21	28	0	103	15	16	0	71	11	15	0	15	14	14	0	35
22:15:00	80100	396	446	0	1094	92	102	0	73	16	18	0	101	91	120	0	567	144	133	0	149	1	0	0	1	20	33	0	90	7	10	0	68	18	17	0	16	7	13	0	29
22:20:00	80400	393	457	0	1030	95	102	0	66	11	24	0	88	89	124	0	532	135	151	0	133	0	0	0	1	18	15	0	93	13	12	0	69	22	18	0	20	10	11	0	28
22:25:00	80700	389	450	0	969	101	97	0	70	16	23	0	81	88	105	0	515	125	146	0	112	0	0	0	1	19	28	0	84	5	13	0	61	20	26	0	14	15	12	0	31
22:30:00	81000	333	373	0	929	89	85	0	74	13	20	0	74	73	103	0	485	115	118	0	109	0	0	0	1	15	12	0	87	8	17	0	52	8	9	0	13	12	9	0	34
22:35:00	81300	352	391	0	890	89	89	0	74	11	14	0	71	80	98	0	467	125	118	0	116	0	0	0	1	17	30	0	74	8	13	0	47	16	17	0	12	6	12	0	28
22:40:00	81600	330	388	0	832	76	92	0	58	9	17	0	63	84	100	0	451	112	124	0	104	0	0	0	1	13	18	0	69	10	8	0	49	13	13	0	12	13	16	0	25
22:45:00	81900	270	343	0	759	63	69	0	52	9	11	0	61	57	91	0	417	105	130	0	79	0	0	0	1	15	15	0	69	9	10	0	48	10	10	0	12	2	7	0	20
22:50:00	82200	284	316	0	727	75	70	0	57	8	13	0	56	61	85	0	393	101	97	0	83	1	0	0	2	10	15	0	64	8	12	0	44	9	12	0	9	11	12	0	19
22:55:00	82500	252	289	0	690	65	68	0	54	9	10	0	55	60	78	0	375	97	95	0	85	0	1	0	1	10	20	0	54	2	8	0	38	6	4	0	11	3	5	0	17
23:00:00	82800	265	297	0	658	67	60	0	61	10	13	0	52	54	80	0	349	100	100	0	85	0	0	0	1	10	16	0	48	8	12	0	34	7	11	0	7	9	5	0	21
23:05:00	83100	220	283	0	595	47	60	0	48	8	13	0	47	55	75	0	329	83	102	0	66	0	0	0	1	7	11	0	44	6	6	0	34	7	8	0	6	7	8	0	20
23:10:00	83400	212	240	0	567	51	53	0	46	15	10	0	52	49	62	0	316	71	78	0	59	0	0	0	1	10	13	0	41	2	7	0	29	11	9	0	8	3	8	0	15
23:15:00	83700	194	225	0	536	43	54	0	35	9	10	0	51	50	60	0	306	66	76	0	49	0	0	0	1	7	7	0	41	2	5	0	26	6	6	0	8	11	7	0	19
23:20:00	84000	198	224	0	510	46	44	0	37	11	14	0	48	37	71	0	272	78	67	0	60	0	1	0	0	9	9	0	41	4	5	0	25	6	8	0	6	7	5	0	21
23:25:00	84300	189	215	0	484	50	47	0	40	7	4	0	51	42	68	0	246	72	72	0	60	0	0	0	0	6	5	0	42	4	5	0	24	5	6	0	5	3	8	0	16
23:30:00	84600	181	207	0	458	42	46	0	36	11	11	0	51	42	56	0	232	68	69	0	59	0	0	0	0	3	11	0	34	4	4	0	24	6	2	0	9	5	8	0	13
23:35:00	84900	166	191	0	433	37	45	0	28	11	6	0	56	41	49	0	224	61	60	0	60	0	0	0	0	4	12	0	26	4	7	0	21	2	6	0	5	6	6	0	13
23:40:00	85200	132	182	0	383	26	33	0	21	2	12	0	46	27	48	0	203	57	68	0	49	0	0	0	0	6	6	0	26	2	8	0	15	5	3	0	7	7	4	0	16
23:45:00	85500	139	154	0	368	36	34	0	23	12	10	0	48	31	46	0	188	51	50	0	50	0	0	0	0	1	4	0	23	3	2	0	16	3	5	0	5	2	3	0	15
23:50:00	85800	117	147	0	338	37	26	0	34	3	13	0	38	24	40	0	172	46	52	0	44	0	0	0	0	2	3	0	22	2	6	0	12	1	2	0	4	2	5	0	12
23:55:00	86100	116	127	0	327	27	31	0	30	6	11	0	33	28	30	0	170	34	37	0	41	0	0	0	0	4	6	0	20	3	3	0	12	4	5	0	3	10	4	0	18
24:00:00	86400	131	139	0	319	34	35	0	29	3	6	0	30	31	47	0	154	50	40	0	51	0	0	0	0	5	3	0	22	2	2	0	12	5	2	0	6	1	4	0	15
24:05:00	86700	100	137	0	282	19	28	0	20	5	6	0	29	24	37	0	141	41	53	0	39	0	0	0	0	3	4	0	21	2	1	0	13	1	3	0	4	5	5	0	15
24:10:00	87000	90	115	0	257	24	23	0	21	3	9	0	23	21	29	0	133	34	41	0	32	0	0	0	0	3	6	0	18	0	1	0	12	1	2	0	3	4	4	0	15
24:15:00	87300	95	112	0	240	32	25	0	28	5	4	0	24	24	26	0	131	31	41	0	22	0	0	0	0	0	1	0	17	1	6	0	7	1	3	0	1	1	6	0	10
24:20:00	87600	94	108	0	226	21	30	0	19	4	5	0	23	27	28	0	130	32	34	0	20	0	0	0	0	3	3	0	17	3	3	0	7	3	1	0	3	1	4	0	7
24:25:00	87900	90	101	0	215	21	20	0	20	5	5	0	23	19	39	0	110	41	28	0	33	0	0	0	0	0	2	0	15	2	2	0	7	2	2	0	3	0	3	0	4
24:30:00	88200	79	85	0	209	17	22	0	15	5	3	0	25	20	20	0	110	23	34	0	22	0	0	0	0	2	3	0	14	1	2	0	6	7	1	0	9	4	0	0	8
24:35:00	88500	62	85	0	186	7	10	0	12	4	5	0	24	9	36	0	83	36	28	0	30	0	0	0	0	2	1	0	15	1	1	0	6	2	2	0	9	1	2	0	7
24:40:00	88800	65	72	0	179	16	13	0	15	4	4	0	24	13	21	0	75	24	25	0	29	0	0	0	0	0	2	0	13	1	1	0	6	1	4	0	6	6	2	0	11
24:45:00	89100	61	74	0	166	14	17	0	12	3	4	0	23	15	18	0	72	20	21	0	28	0	0	0	0	2	4	0	11	2	3	0	5	2	4	0	4	3	3	0	11
24:50:00	89400	50	68	0	148	18	12	0	18	1	8	0	16	11	17	0	66	18	23	0	23	0	0	0	0	0	1	0	10	1	0	0	6	0	4	0	0	1	3	0	9
24:55:00	89700	50	63	0	135	11	17	0	12	2	2	0	16	16	13	0	69	19	21	0	21	0	0	0	0	1	3	0	8	0	3	0	3	0	0	0	0	1	4	0	6
25:00:00	90000	47	57	0	125	14	14	0	12	0	1	0	15	14	16	0	67	16	22	0	15	0	0	0	0	1	1	0	8	0	0	0	3	2	1	0	1	0	2	0	4
25:05:00	90300	55	56	0	124	14	16	0	10	1	2	0	14	16	19	0	64	21	15	0	21	0	0	0	0	0	1	0	7	1	1	0	3	0	0	0	1	2	2	0	4
25:10:00	90600	62	59	0	127	21	16	0	15	4	3	0	15	14	18	0	60	18	22	0	17	0	0	0	0	0	0	0	7	2	0	0	5	2	0	0	3	1	0	0	5
25:15:00	90900	50	61	0	116	9	19	0	5	1	1	0	15	17	19	0	58	20	20	0	17	0	0	0	0	1	0	0	8	2	1	0	6	0	0	0	3	0	1	0	4
25:20:00	91200	41	45	0	112	12	10	0	7	4	2	0	17	9	13	0	54	13	16	0	14	0	0	0	0	0	0	0	8	1	0	0	7	1	2	0	2	1	2	0	3
25:25:00	91500	34	39	0	107	8	8	0	7	0	3	0	14	7	13	0	48	15	13	0	16	0	0	0	0	0	0	0	8	1	2	0	6	2	0	0	4	1	0	0	4
25:30:00	91800	30	43	0	94	5	7	0	5	1	4	0	11	5	13	0	40	15	14	0	17	0	0	0	0	0	1	0	7	2	2	0	6	2	1	0	5	0	1	0	3
25:35:00	92100	21	32	0	83	3	5	0	3	0	1	0	10	4	9	0	35	9	13	0	13	0	0	0	0	2	1	0	8	2	0	0	8	1	3	0	3	0	0	0	3
25:40:00	92400	29	32	0	80	7	5	0	5	3	1	0	12	5	11	0	29	11	10	0	14	0	0	0	0	0	0	0	8	0	1	0	7	0	3	0	0	3	1	0	5
25:45:00	92700	22	30	0	72	3	4	0	4	2	2	0	12	4	11	0	22	12	12	0	14	0	0	0	0	0	0	0	8	0	1	0	6	0	0	0	0	1	0	0	6
25:50:00	93000	19	29	0	62	6	4	0	6	2	3	0	11	4	3	0	23	5	12	0	7	0	0	0	0	1	1	0	8	0	2	0	4	1	1	0	0	0	3	0	3
25:55:00	93300	19	20	0	61	6	3	0	9	0	1	0	10	2	9	0	16	9	6	0	10	0	0	0	0	0	0	0	8	1	1	0	4	0	0	0	0	1	0	0	4
26:00:00	93600	12	16	0	57	2	6	0	5	0	1	0	9	5	3	0	18	3	4	0	9	0	0	0	0	1	0	0	9	0	1	0	3	1	0	0	1	0	1	0	3
26:05:00	93900	17	21	0	53	3	3	0	5	2	2	0	9	2	4	0	16	5	9	0	5	0	0	0	0	1	1	0	9	1	1	0	3	2	1	0	2	1	0	0	4
26:10:00	94200	11	13	0	51	6	2	0	9	0	1	0	8	2	2	0	16	2	6	0	1	0	0	0	0	0	0	0	9	0	0	0	3	1	2	0	1	0	0	0	4
26:15:00	94500	16	17	0	50	3	8	0	4	1	3	0	6	8	3	0	21	4	1	0	4	0	0	0	0	0	1	0	8	0	0	0	3	0	0	0	1	0	1	0	3
26:20:00	94800	18	22	0	46	2	4	0	2	2	1	0	7	4	6	0	19	7	7	0	4	0	0	0	0	1	1	0	8	0	1	0	2	2	2	0	1	0	0	0	3
26:25:00	95100	18	15	0	49	7	4	0	5	1	0	0	8	4	5	0	18	6	5	0	5	0	0	0	0	0	0	0	8	0	1	0	1	0	0	0	1	0	0	0	3
26:30:00	95400	13	23	0	39	1	4	0	2	0	3	0	5	3	5	0	16	5	7	0	3	0	0	0	0	2	1	0	9	0	1	0	0	2	2	0	1	0	0	0	3
26:35:00	95700	7	10	0	36	1	2	0	1	1	3	0	3	2	2	0	16	2	2	0	3	0	0	0	0	0	0	0	9	1	0	0	1	0	1	0	0	0	0	0	3
26:40:00	96000	12	9	0	39	3	3	0	1	2	1	0	4	3	3	0	16	3	2	0	4	0	0	0	0	0	0	0	9	0	0	0	1	0	0	0	0	1	0	0	4
26:45:00	96300	7	7	0	39	2	2	0	1	1	0	0	5	2	2	0	16	2	3	0	3	0	0	0	0	0	0	0	9	0	0	0	1	0	0	0	0	0	0	0	4
26:50:00	96600	9	15	0	33	0	1	0	0	0	1	0	4	1	7	0	10	8	5	0	6	0	0	0	0	0	1	0	8	0	0	0	1	0	0	0	0	0	0	0	4
26:55:00	96900	6	11	0	28	1	0	0	1	1	1	0	4	0	3	0	7	4	5	0	5	0	0	0	0	0	1	0	7	0	0	0	1	0	0	0	0	0	1	0	3
27:00:00	97200	5	9	0	24	0	1	0	0	0	2	0	2	1	1	0	7	1	4	0	2	0	0	0	0	0	0	0	7	0	0	0	1	3	0	0	3	0	1	0	2
27:05:00	97500	4	4	0	24	2	1	0	1	0	0	0	2	1	0	0	8	0	2	0	0	0	0	0	0	0	0	0	7	0	0	0	1	0	1	0	2	1	0	0	3
27:10:00	97800	4	6	0	22	1	0	0	2	0	0	0	2	0	2	0	6	2	1	0	1	0	0	0	0	0	0	0	7	0	1	0	0	1	1	0	2	0	1	0	2
27:15:00	98100	3	5	0	20	0	1	0	1	0	1	0	1	1	2	0	5	2	1	0	2	0	0	0	0	0	0	0	7	0	0	0	0	0	0	0	2	0	0	0	2
27:20:00	98400	1	5	0	16	0	0	0	1	0	0	0	1	0	1	0	4	1	2	0	1	0	0	0	0	0	0	0	7	0	0	0	0	0	1	0	1	0	1	0	1
27:25:00	98700	2	3	0	15	0	0	0	1	1	0	0	2	0	1	0	3	1	2	0	0	0	0	0	0	0	0	0	7	0	0	0	0	0	0	0	1	0	0	0	1
27:30:00	99000	2	0	0	17	0	0	0	1	1	0	0	3	0	0	0	3	0	0	0	0	0	0	0	0	0	0	0	7	0	0	0	0	0	0	0	1	1	0	0	2
27:35:00	99300	3	1	0	19	0	0	0	1	1	0	0	4	0	1	0	2	1	0	0	1	0	0	0	0	0	0	0	7	0	0	0	0	0	0	0	1	1	0	0	3
27:40:00	99600	1	5	0	15	0	0	0	1	0	1	0	3	0	1	0	1	1	2	0	0	0	0	0	0	0	0	0	7	0	0	0	0	0	0	0	1	0	1	0	2
27:45:00	99900	2	1	0	16	1	0	0	2	0	0	0	3	0	1	0	0	1	0	0	1	0	0	0	0	0	0	0	7	0	0	0	0	0	0	0	1	0	0	0	2
27:50:00	100200	2	4	0	14	0	1	0	1	0	1	0	2	1	0	0	1	0	1	0	0	0	0	0	0	0	0	0	7	0	0	0	0	1	0	0	2	0	1	0	1
27:55:00	100500	1	1	0	14	0	1	0	0	0	0	0	2	1	0	0	2	0	0	0	0	0	0	0	0	0	0	0	7	0	0	0	0	0	0	0	2	0	0	0	1
28:00:00	100800	2	2	0	14	0	0	0	0	0	0	0	2	0	1	0	1	1	0	0	1	0	0	0	0	0	0	0	7	0	0	0	0	0	1	0	1	1	0	0	2
28:05:00	101100	1	2	0	13	0	0	0	0	1	1	0	2	0	0	0	1	0	1	0	0	0	0	0	0	0	0	0	7	0	0	0	0	0	0	0	1	0	0	0	2
28:10:00	101400	0	0	0	13	0	0	0	0	0	0	0	2	0	0	0	1	0	0	0	0	0	0	0	0	0	0	0	7	0	0	0	0	0	0	0	1	0	0	0	2
28:15:00	101700	2	3	0	12	0	0	0	0	1	1	0	2	0	1	0	0	1	0	0	1	0	0	0	0	0	0	0	7	0	0	0	0	0	0	0	1	0	1	0	1
28:20:00	102000	0	1	0	11	0	0	0	0	0	1	0	1	0	0	0	0	0	0	0	1	0	0	0	0	0	0	0	7	0	0	0	0	0	0	0	1	0	0	0	1
28:25:00	102300	0	1	0	10	0	0	0	0	0	0	0	1	0	0	0	0	0	1	0	0	0	0	0	0	0	0	0	7	0	0	0	0	0	0	0	1	0	0	0	1
28:30:00	102600	0	0	0	10	0	0	0	0	0	0	0	1	0	0	0	0	0	0	0	0	0	0	0	0	0	0	0	7	0	0	0	0	0	0	0	1	0	0	0	1
28:35:00	102900	0	1	0	9	0	0	0	0	0	1	0	0	0	0	0	0	0	0	0	0	0	0	0	0	0	0	0	7	0	0	0	0	0	0	0	1	0	0	0	1
28:40:00	103200	0	0	0	9	0	0	0	0	0	0	0	0	0	0	0	0	0	0	0	0	0	0	0	0	0	0	0	7	0	0	0	0	0	0	0	1	0	0	0	1
28:45:00	103500	0	0	0	9	0	0	0	0	0	0	0	0	0	0	0	0	0	0	0	0	0	0	0	0	0	0	0	7	0	0	0	0	0	0	0	1	0	0	0	1
28:50:00	103800	0	0	0	9	0	0	0	0	0	0	0	0	0	0	0	0	0	0	0	0	0	0	0	0	0	0	0	7	0	0	0	0	0	0	0	1	0	0	0	1
28:55:00	104100	0	0	0	9	0	0	0	0	0	0	0	0	0	0	0	0	0	0	0	0	0	0	0	0	0	0	0	7	0	0	0	0	0	0	0	1	0	0	0	1
29:00:00	104400	0	0	0	9	0	0	0	0	0	0	0	0	0	0	0	0	0	0	0	0	0	0	0	0	0	0	0	7	0	0	0	0	0	0	0	1	0	0	0	1
29:05:00	104700	0	0	0	9	0	0	0	0	0	0	0	0	0	0	0	0	0	0	0	0	0	0	0	0	0	0	0	7	0	0	0	0	0	0	0	1	0	0	0	1
29:10:00	105000	0	0	0	9	0	0	0	0	0	0	0	0	0	0	0	0	0	0	0	0	0	0	0	0	0	0	0	7	0	0	0	0	0	0	0	1	0	0	0	1
29:15:00	105300	0	0	0	9	0	0	0	0	0	0	0	0	0	0	0	0	0	0	0	0	0	0	0	0	0	0	0	7	0	0	0	0	0	0	0	1	0	0	0	1
29:20:00	105600	0	0	0	9	0	0	0	0	0	0	0	0	0	0	0	0	0	0	0	0	0	0	0	0	0	0	0	7	0	0	0	0	0	0	0	1	0	0	0	1
29:25:00	105900	2	1	0	10	1	1	0	0	0	0	0	0	1	0	0	1	0	0	0	0	0	0	0	0	0	0	0	7	0	0	0	0	0	0	0	1	0	0	0	1
29:30:00	106200	0	0	0	10	0	0	0	0	0	0	0	0	0	0	0	1	0	0	0	0	0	0	0	0	0	0	0	7	0	0	0	0	0	0	0	1	0	0	0	1
29:35:00	106500	0	0	0	10	0	0	0	0	0	0	0	0	0	0	0	1	0	0	0	0	0	0	0	0	0	0	0	7	0	0	0	0	0	0	0	1	0	0	0	1
29:40:00	106800	0	0	0	10	0	0	0	0	0	0	0	0	0	0	0	1	0	0	0	0	0	0	0	0	0	0	0	7	0	0	0	0	0	0	0	1	0	0	0	1
29:45:00	107100	0	0	0	10	0	0	0	0	0	0	0	0	0	0	0	1	0	0	0	0	0	0	0	0	0	0	0	7	0	0	0	0	0	0	0	1	0	0	0	1
29:50:00	107400	0	0	0	10	0	0	0	0	0	0	0	0	0	0	0	1	0	0	0	0	0	0	0	0	0	0	0	7	0	0	0	0	0	0	0	1	0	0	0	1
29:55:00	107700	1	2	0	9	0	0	0	0	0	0	0	0	0	1	0	0	1	0	0	1	0	0	0	0	0	0	0	7	0	0	0	0	0	0	0	1	0	1	0	0
30:00:00	108000	0	1	0	8	0	0	0	0	0	0	0	0	0	0	0	0	0	1	0	0	0	0	0	0	0	0	0	7	0	0	0	0	0	0	0	1	0	0	0	0
30:05:00	108300	14	9	13	0	2	2	0	0	2	1	1	0	2	1	1	0	2	2	0	0	0	0	0	0	0	1	6	0	0	0	0	0	3	2	2	0	3	0	3	0
