ITERATION	avg. EXECUTED	avg. WORST	avg. AVG	avg. BEST
0	114.67408879889337	114.67408879889337	114.67408879889337	114.67408879889337
1	108.90457536585156	108.80751759661514	111.83102486531097	114.85453213400817
2	106.14867571959459	103.16567703199395	109.38998363026622	115.00062554067019
3	105.00460454326094	98.1069269001743	107.49682472770533	115.1172216719024
4	104.52545951771617	93.5125542593774	105.89990231947826	115.17599576044275
5	103.528641789985	88.87735377517325	104.45898392542172	115.22392235046178
6	102.92122058593554	84.86662944675898	103.25000648934225	115.24698833416495
7	102.85613392040825	81.61911155651097	102.39399462581896	115.28222071692554
8	102.4082347077146	79.45351405105089	101.89937595626029	115.31193806969038
9	102.30874322467997	78.44875634879381	101.73829479997339	115.34019906516615
10	102.36486828654506	78.07398550326968	101.83798037351012	115.35783762493054
11	102.75653827438839	79.01150622973466	102.26508141456654	115.39027908795084
12	102.94087085616307	80.13363759775933	102.78949496231438	115.40615881832595
13	103.40136413902556	82.2244656483057	103.51500399493985	115.41949959101618
14	103.68961377161607	84.36002029506042	104.29325077644985	115.4304946705708
15	104.23013198303332	86.35094494077637	105.0393127171908	115.45573392109652
16	104.3623344688022	88.1211498862561	105.73541608514326	115.46792118776632
17	104.49597100416919	89.93291716799304	106.4530913647576	115.47889534021422
18	105.36902413671005	92.43855147505519	107.28788902672844	115.48850259378548
19	105.62879268191031	94.12439278564653	107.94243148714735	115.4971392825105
20	106.3358811991924	95.89172672168257	108.58350687997931	115.51073066647238
21	106.43350775093451	97.31376906967392	109.10802459482666	115.52162879516655
22	106.57329277647285	98.30507165700683	109.54808880956682	115.52853077706938
23	106.9148227715529	99.62049551529061	110.00347763859644	115.53393254692321
24	107.05580191235605	100.50957552945424	110.38015910902745	115.54264356422222
25	107.30597895572012	101.43395162057448	110.7486783720367	115.55198416938606
26	107.21442457638068	101.93364970925995	111.00408309693421	115.56295218839674
27	107.30139412790926	102.58293739327758	111.2816737502786	115.57122833788809
28	107.42583093610729	103.20206796914792	111.52902134626957	115.57765865996195
29	107.4770968803092	103.6774656136911	111.74501189105953	115.58620357859324
30	107.93985054567523	104.47333457799307	111.99931466934677	115.59334974156977
31	108.01793621147796	104.82921111218403	112.17399901385805	115.60204734271389
32	107.59623127704972	104.69102762549028	112.24224486682343	115.60923364574073
33	108.07443022013766	105.39686981148104	112.45224550735558	115.62319353095664
34	108.11654299284899	105.72089802371302	112.58370265597658	115.62821142397566
35	108.27163101480072	105.99206622155116	112.71903386099856	115.634709166424
36	108.30408168308337	106.22877577549295	112.8268741133471	115.64182747958344
37	108.51166951129113	106.65399784918185	112.95604748411867	115.64536886258166
38	108.63229868968524	106.86971778094114	113.05309218324676	115.65134627124698
39	108.58865882910028	106.9114221661332	113.12022814889833	115.65592003193592
40	108.67194799585889	107.13707764590984	113.20318157086292	115.66175708235497
41	108.52003518455479	107.05618402556469	113.23997910950362	115.66769453750341
42	108.7164492563534	107.36266059690595	113.33840411275726	115.67231488459964
43	108.62474379458332	107.32769454197661	113.36964624664685	115.67775161863646
44	108.37957378155707	107.20362114993439	113.38471984870829	115.68371099770984
45	108.98679823620722	107.82460373098496	113.52850143421215	115.68883720384956
46	109.0271035429639	107.9592575571603	113.57964097230446	115.69437005149793
47	109.07641202511614	108.04274650421182	113.62434659034965	115.69974258456226
48	108.68891675281557	107.70605227707367	113.59597145603688	115.70512964111379
49	108.79161055790075	107.91356662872592	113.65252343813073	115.70920275938023
50	108.68874764996211	107.84483300689668	113.66406461967252	115.71317336304995
51	108.79344975177868	107.96723643528775	113.71015301088006	115.71663328155097
52	108.7233903143483	107.91787386035246	113.72291340985761	115.72099856016543
53	109.16949699922857	108.40467682316178	113.82463188324442	115.72513567615907
54	108.79368736350968	108.06459475834392	113.784642400414	115.73013218736477
55	108.41251509435669	107.6894945965625	113.73885676246516	115.73309732657637
56	108.80771842890965	108.11212455816715	113.82374957986436	115.73751403745354
57	109.22309179870119	108.5800837328681	113.91651286538587	115.74034467820577
58	109.05831319984459	108.43158390676587	113.9084150290556	115.74411365629513
59	109.21012413336653	108.60956140185762	113.95263232615349	115.74863434464541
60	109.22130131612916	108.6279995354918	113.97107776978514	115.75242133500656
61	108.87496724340413	108.30451979513686	113.92879004652151	115.7586530615069
62	108.8855736510579	108.31995765891254	113.94290429960289	115.75989880114122
63	109.26542777108514	108.70867259760018	114.01809771641811	115.76397167846149
64	109.16610626147194	108.60721868559504	114.01229300894308	115.76686942895722
65	109.15778924459707	108.6177381332977	114.02693541258176	115.77175049300672
66	108.98591087910782	108.47422192963694	114.01473209619553	115.77535138086957
67	108.97014067278997	108.47586762595546	114.02600327727212	115.77994870356312
68	108.97215781245913	108.48394578344853	114.03600222747288	115.78122514710131
69	109.21668662867395	108.7335210337455	114.08751678220814	115.78480252179689
70	109.36624842802345	108.89572038512445	114.12255996798527	115.78777696389203
71	109.04766220690513	108.60778210481719	114.08078000335223	115.79118001749718
72	108.92593806869273	108.48461111262579	114.07115142927596	115.79467243929012
73	109.31066879701602	108.87019880874621	114.14343296091282	115.7959394198919
74	108.99632566679658	108.55579758088098	114.1010202959248	115.8001269678903
75	108.68985933560121	108.27347888932262	114.06085199715818	115.80248732903479
76	109.09286277833414	108.66405759259666	114.13355558772452	115.8049557853515
77	109.36695645350471	108.95634112891895	114.18873152078626	115.80750948712745
78	109.0120895594117	108.60236275145937	114.13664271107692	115.81013907237717
79	109.4164280001543	109.01434733015529	114.2125958614654	115.81349610032089
80	109.1436206417748	108.75511444062502	114.17543261074509	115.81562214120848
81	109.20242589293292	108.813966940536	114.19330487388493	115.81980276301502
82	109.44433894196163	109.07069604588864	114.24131599331197	115.82215347971675
83	109.20669633542377	108.84613401025042	114.21083484643655	115.82577600970704
84	109.03471417285797	108.67547194497573	114.18910120668431	115.82776277901132
85	109.34799834993291	108.9944329008308	114.24652172825334	115.83059526804755
86	109.19173893323818	108.83985785272412	114.22531637202803	115.83242720619276
87	109.21165647678991	108.85565336104312	114.23360195691977	115.83624059704911
88	109.12143786926194	108.77791294947085	114.2246820348744	115.83976500357377
89	109.59577084710695	109.25229984196596	114.30851198906326	115.84200900199606
90	109.30605247189624	108.97128485284819	114.26655067806983	115.84407519188714
91	115.1086618223151	114.70237089560612	115.23835822843847	115.83540166002761
92	115.12911696074806	114.69928687229516	115.2360333571867	115.8335130043972
93	115.13793715837208	114.68851240158459	115.23313129212933	115.83322046744411
94	115.16212989570624	114.68650015868448	115.23129058215659	115.83222886827524
95	115.1706989661719	114.67997006235228	115.22852602176579	115.83076446110638
96	115.18226097264981	114.67934109214279	115.22719681121484	115.83027167257157
97	115.19117683581338	114.67739402055861	115.22566778815681	115.82958762561734
98	115.19544276224012	114.67326250400318	115.22352192732852	115.82848191395956
99	115.20267027453282	114.67347792545081	115.22220420741033	115.82698240853247
100	115.208242087098	114.67104650039884	115.22017443133112	115.82658951210229
